27, 8, pa1-debug-e-output1.txt
200.55,	202.48,	195.47
392.77,	391.97,	209.77
208.53,	211.81,	210.65
210.88,	211.35,	335.63
213.24,	210.89,	460.6
205.01,	336.75,	211.17
207.36,	336.3,	336.15
209.72,	335.84,	461.12
201.49,	461.7,	211.69
203.84,	461.25,	336.67
206.2,	460.79,	461.65
333.46,	215.33,	208.31
335.81,	214.88,	333.28
338.16,	214.42,	458.26
329.94,	340.28,	208.83
332.29,	339.83,	333.81
334.65,	339.37,	458.78
326.42,	465.23,	209.35
328.77,	464.78,	334.33
331.13,	464.32,	459.31
458.38,	218.86,	205.97
460.74,	218.4,	330.94
463.09,	217.95,	455.92
454.87,	343.81,	206.49
457.22,	343.35,	331.47
459.57,	342.9,	456.44
451.35,	468.76,	207.01
453.7,	468.3,	331.99
456.06,	467.85,	456.96
209.06,	210.24,	448.62
207.15,	207.24,	573.57
205.24,	204.24,	698.52
209.6,	335.2,	451.63
207.68,	332.2,	576.58
205.77,	329.2,	701.53
210.13,	460.16,	454.64
208.22,	457.16,	579.59
206.31,	454.16,	704.54
334.05,	209.66,	450.52
332.13,	206.66,	575.47
330.22,	203.66,	700.42
334.58,	334.62,	453.53
332.67,	331.62,	578.48
330.76,	328.62,	703.43
335.12,	459.58,	456.54
333.2,	456.58,	581.48
331.29,	453.58,	706.43
459.03,	209.08,	452.42
457.12,	206.08,	577.37
455.21,	203.08,	702.32
459.56,	334.04,	455.43
457.65,	331.04,	580.38
455.74,	328.04,	705.33
460.1,	459.0,	458.43
458.19,	456.0,	583.38
456.27,	453.0,	708.33
210.56,	448.87,	208.09
209.68,	449.34,	333.08
208.79,	449.8,	458.08
207.5,	573.83,	207.6
206.61,	574.3,	332.59
205.73,	574.77,	457.59
204.43,	698.79,	207.11
203.55,	699.26,	332.1
202.67,	699.73,	457.1
335.52,	451.93,	208.96
334.64,	452.4,	333.95
333.75,	452.87,	458.95
332.46,	576.9,	208.47
331.57,	577.36,	333.46
330.69,	577.83,	458.46
329.39,	701.86,	207.98
328.51,	702.33,	332.97
327.62,	702.79,	457.97
460.48,	455.0,	209.83
459.6,	455.47,	334.83
458.71,	455.94,	459.82
457.42,	579.96,	209.34
456.53,	580.43,	334.34
455.65,	580.9,	459.33
454.35,	704.92,	208.85
453.47,	705.39,	333.85
452.58,	705.86,	458.84
210.34,	448.13,	451.19
208.64,	445.54,	576.15
206.93,	442.95,	701.11
206.63,	573.04,	453.72
204.93,	570.46,	578.69
203.23,	567.87,	703.65
202.93,	697.96,	456.26
201.22,	695.38,	581.22
199.52,	692.79,	706.18
335.27,	451.8,	452.97
333.57,	449.21,	577.93
331.87,	446.63,	702.89
331.57,	576.72,	455.5
329.86,	574.13,	580.47
328.16,	571.55,	705.43
327.86,	701.64,	458.04
326.16,	699.05,	583.0
324.45,	696.46,	707.96
460.21,	455.47,	454.75
458.5,	452.88,	579.71
456.8,	450.3,	704.67
456.5,	580.39,	457.28
454.8,	577.8,	582.24
453.09,	575.22,	707.21
452.79,	705.31,	459.82
451.09,	702.72,	584.78
449.38,	700.14,	709.74
450.47,	210.53,	210.67
447.83,	209.21,	335.64
445.18,	207.89,	460.6
447.99,	335.5,	211.94
445.35,	334.18,	336.91
442.71,	332.86,	461.87
445.52,	460.47,	213.21
442.87,	459.15,	338.18
440.23,	457.83,	463.14
575.42,	212.98,	213.34
572.77,	211.66,	338.31
570.13,	210.34,	463.27
572.94,	337.95,	214.61
570.3,	336.63,	339.57
567.66,	335.31,	464.54
570.46,	462.92,	215.88
567.82,	461.6,	340.84
565.18,	460.28,	465.81
700.37,	215.43,	216.01
697.72,	214.11,	340.97
695.08,	212.79,	465.94
697.89,	340.4,	217.28
695.25,	339.08,	342.24
692.6,	337.76,	467.21
695.41,	465.37,	218.55
692.77,	464.05,	343.51
690.13,	462.73,	468.48
450.59,	211.93,	450.88
452.5,	212.22,	575.87
454.41,	212.5,	700.85
449.81,	336.93,	450.61
451.72,	337.21,	575.59
453.63,	337.5,	700.58
449.02,	461.92,	450.33
450.93,	462.21,	575.32
452.84,	462.5,	700.3
575.58,	212.71,	448.97
577.49,	213.0,	573.96
579.4,	213.29,	698.94
574.79,	337.71,	448.7
576.7,	338.0,	573.68
578.61,	338.29,	698.67
574.0,	462.71,	448.42
575.91,	463.0,	573.41
577.82,	463.28,	698.39
700.56,	213.5,	447.06
702.47,	213.78,	572.05
704.38,	214.07,	697.03
699.77,	338.49,	446.79
701.68,	338.78,	571.77
703.59,	339.07,	696.76
698.98,	463.49,	446.51
700.89,	463.78,	571.5
702.8,	464.07,	696.48
450.49,	448.6,	211.18
448.88,	448.73,	336.17
447.28,	448.85,	461.16
452.37,	573.58,	211.08
450.77,	573.71,	336.07
449.17,	573.84,	461.06
454.26,	698.57,	210.97
452.65,	698.7,	335.96
451.05,	698.83,	460.95
575.46,	446.71,	212.79
573.86,	446.84,	337.78
572.26,	446.97,	462.77
577.35,	571.7,	212.68
575.74,	571.83,	337.67
574.14,	571.96,	462.66
579.23,	696.69,	212.58
577.63,	696.81,	337.57
576.03,	696.94,	462.56
700.44,	444.83,	214.39
698.84,	444.96,	339.38
697.23,	445.09,	464.37
702.32,	569.82,	214.28
700.72,	569.95,	339.27
699.12,	570.07,	464.26
704.21,	694.8,	214.18
702.61,	694.93,	339.17
701.0,	695.06,	464.16
449.93,	449.26,	449.02
447.01,	450.14,	573.98
444.09,	451.03,	698.94
447.88,	574.24,	448.09
444.96,	575.12,	573.05
442.04,	576.01,	698.01
445.83,	699.22,	447.16
442.91,	700.1,	572.12
439.99,	700.98,	697.08
574.88,	451.33,	451.92
571.96,	452.22,	576.88
569.04,	453.1,	701.85
572.83,	576.31,	450.99
569.91,	577.19,	575.95
566.99,	578.08,	700.92
570.78,	701.29,	450.06
567.86,	702.17,	575.02
564.94,	703.06,	699.99
699.83,	453.4,	454.82
696.91,	454.29,	579.79
693.99,	455.17,	704.75
697.78,	578.38,	453.89
694.86,	579.27,	578.86
691.94,	580.15,	703.82
695.73,	703.36,	452.96
692.81,	704.25,	577.93
689.89,	705.13,	702.89
