27, 125, pa2-debug-d-output1.txt
203.96,	208.75,	202.95
408.27,	405.95,	198.68
100.76,	98.71,	99.45
103.44,	95.74,	224.39
106.13,	92.76,	349.32
98.46,	223.66,	102.47
101.15,	220.68,	227.41
103.83,	217.71,	352.35
96.17,	348.6,	105.5
98.85,	345.62,	230.43
101.53,	342.65,	355.37
225.71,	101.07,	96.82
228.39,	98.1,	221.76
231.08,	95.12,	346.69
223.41,	226.02,	99.85
226.1,	223.04,	224.78
228.78,	220.07,	349.72
221.12,	350.96,	102.87
223.8,	347.98,	227.81
226.48,	345.01,	352.74
350.66,	103.43,	94.2
353.34,	100.46,	219.13
356.03,	97.48,	344.07
348.37,	228.38,	97.22
351.05,	225.4,	222.16
353.73,	222.43,	347.09
346.07,	353.32,	100.25
348.75,	350.34,	225.18
351.43,	347.37,	350.12
101.81,	98.38,	225.54
100.42,	101.72,	350.49
99.03,	105.07,	475.44
100.4,	223.33,	222.18
99.01,	226.67,	347.13
97.62,	230.01,	472.08
98.99,	348.27,	218.82
97.61,	351.62,	343.77
96.22,	354.96,	468.72
226.79,	99.82,	226.89
225.4,	103.17,	351.84
224.01,	106.51,	476.79
225.38,	224.77,	223.53
224.0,	228.11,	348.48
222.61,	231.46,	473.43
223.98,	349.72,	220.18
222.59,	353.06,	345.12
221.2,	356.4,	470.07
351.77,	101.26,	228.25
350.38,	104.61,	353.19
349.0,	107.95,	478.14
350.37,	226.21,	224.89
348.98,	229.55,	349.83
347.59,	232.9,	474.78
348.96,	351.16,	221.53
347.57,	354.5,	346.47
346.18,	357.85,	471.42
100.8,	99.45,	350.84
97.2,	101.01,	475.78
93.6,	102.58,	600.72
100.23,	224.44,	349.26
96.63,	226.0,	474.2
93.02,	227.56,	599.14
99.66,	349.43,	347.68
96.05,	350.99,	472.62
92.45,	352.55,	597.56
225.75,	100.07,	354.43
222.14,	101.63,	479.37
218.54,	103.19,	604.31
225.18,	225.06,	352.86
221.57,	226.62,	477.79
217.97,	228.18,	602.73
224.6,	350.05,	351.28
221.0,	351.61,	476.22
217.4,	353.17,	601.15
350.69,	100.69,	358.03
347.09,	102.25,	482.97
343.49,	103.81,	607.91
350.12,	225.68,	356.45
346.52,	227.24,	481.39
342.92,	228.8,	606.33
349.55,	350.66,	354.87
345.95,	352.23,	479.81
342.35,	353.79,	604.75
98.32,	99.08,	475.62
96.46,	96.05,	600.57
94.59,	93.03,	725.52
95.14,	224.01,	478.6
93.27,	220.98,	603.55
91.4,	217.95,	728.49
91.95,	348.93,	481.58
90.08,	345.9,	606.53
88.22,	342.87,	731.47
223.27,	102.22,	477.56
221.4,	99.19,	602.51
219.53,	96.17,	727.46
220.08,	227.15,	480.54
218.21,	224.12,	605.49
216.35,	221.09,	730.44
216.89,	352.07,	483.52
215.03,	349.04,	608.47
213.16,	346.01,	733.42
348.21,	105.36,	479.5
346.35,	102.34,	604.45
344.48,	99.31,	729.4
345.03,	230.29,	482.48
343.16,	227.26,	607.43
341.29,	224.23,	732.38
341.84,	355.21,	485.46
339.97,	352.18,	610.41
338.11,	349.15,	735.36
100.42,	101.1,	600.26
103.19,	99.67,	725.22
105.96,	98.24,	850.18
99.33,	226.09,	601.71
102.1,	224.66,	726.67
104.87,	223.23,	851.63
98.25,	351.07,	603.16
101.02,	349.65,	728.12
103.79,	348.22,	853.08
225.38,	102.22,	597.5
228.15,	100.79,	722.46
230.92,	99.36,	847.42
224.3,	227.2,	598.95
227.07,	225.78,	723.91
229.84,	224.35,	848.87
223.21,	352.19,	600.4
225.98,	350.76,	725.36
228.75,	349.33,	850.33
350.35,	103.33,	594.75
353.12,	101.91,	719.71
355.89,	100.48,	844.67
349.26,	228.32,	596.2
352.03,	226.89,	721.16
354.8,	225.46,	846.12
348.18,	353.31,	597.65
350.95,	351.88,	722.61
353.72,	350.45,	847.57
101.21,	226.99,	101.75
102.59,	230.26,	226.7
103.97,	233.53,	351.65
103.47,	351.93,	98.46
104.85,	355.2,	223.41
106.23,	358.47,	348.36
105.74,	476.87,	95.16
107.12,	480.13,	220.11
108.5,	483.4,	345.06
226.18,	224.69,	100.43
227.56,	227.96,	225.38
228.94,	231.23,	350.33
228.44,	349.63,	97.13
229.82,	352.9,	222.08
231.21,	356.17,	347.03
230.71,	474.57,	93.84
232.09,	477.83,	218.79
233.47,	481.1,	343.74
351.15,	222.39,	99.11
352.53,	225.66,	224.06
353.91,	228.93,	349.01
353.41,	347.33,	95.81
354.8,	350.6,	220.76
356.18,	353.87,	345.71
355.68,	472.27,	92.52
357.06,	475.53,	217.47
358.44,	478.8,	342.42
99.78,	224.89,	226.29
100.49,	226.47,	351.28
101.21,	228.05,	476.27
100.86,	349.87,	224.71
101.58,	351.45,	349.69
102.29,	353.04,	474.68
101.94,	474.86,	223.12
102.66,	476.44,	348.11
103.37,	478.02,	473.09
224.78,	223.8,	225.6
225.49,	225.38,	350.58
226.2,	226.96,	475.57
225.86,	348.78,	224.01
226.57,	350.36,	349.0
227.28,	351.95,	473.98
226.94,	473.77,	222.42
227.65,	475.35,	347.41
228.36,	476.93,	472.4
349.77,	222.71,	224.9
350.48,	224.29,	349.89
351.19,	225.87,	474.87
350.85,	347.69,	223.31
351.56,	349.28,	348.3
352.27,	350.86,	473.29
351.93,	472.68,	221.72
352.64,	474.26,	346.71
353.35,	475.84,	471.7
99.62,	224.31,	351.56
98.43,	223.73,	476.56
97.25,	223.16,	601.55
100.46,	349.3,	352.15
99.28,	348.73,	477.14
98.1,	348.15,	602.14
101.31,	474.3,	352.73
100.12,	473.72,	477.73
98.94,	473.15,	602.72
224.61,	223.46,	352.74
223.43,	222.88,	477.74
222.24,	222.3,	602.73
225.45,	348.45,	353.33
224.27,	347.88,	478.32
223.09,	347.3,	603.31
226.3,	473.45,	353.91
225.12,	472.87,	478.91
223.93,	472.3,	603.9
349.6,	222.61,	353.92
348.42,	222.03,	478.92
347.23,	221.45,	603.91
350.45,	347.6,	354.51
349.26,	347.03,	479.5
348.08,	346.45,	604.49
351.29,	472.6,	355.09
350.11,	472.02,	480.09
348.92,	471.45,	605.08
98.9,	224.81,	473.14
95.7,	224.05,	598.1
92.5,	223.29,	723.06
101.48,	349.78,	473.97
98.28,	349.02,	598.92
95.08,	348.26,	723.88
104.06,	474.75,	474.79
100.86,	473.99,	599.75
97.66,	473.23,	724.7
223.83,	222.21,	476.33
220.64,	221.45,	601.28
217.44,	220.7,	726.24
226.41,	347.18,	477.15
223.21,	346.42,	602.11
220.01,	345.67,	727.06
228.99,	472.15,	477.97
225.79,	471.39,	602.93
222.59,	470.64,	727.89
348.77,	219.61,	479.51
345.57,	218.86,	604.47
342.37,	218.1,	729.42
351.34,	344.58,	480.33
348.14,	343.83,	605.29
344.95,	343.07,	730.25
353.92,	469.55,	481.16
350.72,	468.8,	606.11
347.52,	468.04,	731.07
99.84,	225.61,	600.67
102.89,	226.76,	725.62
105.94,	227.91,	850.58
100.77,	350.6,	599.49
103.82,	351.75,	724.45
106.88,	352.9,	849.41
101.7,	475.59,	598.32
104.76,	476.74,	723.28
107.81,	477.89,	848.24
224.8,	224.65,	597.62
227.85,	225.8,	722.58
230.9,	226.95,	847.54
225.73,	349.64,	596.45
228.78,	350.79,	721.41
231.84,	351.94,	846.37
226.66,	474.63,	595.28
229.72,	475.78,	720.24
232.77,	476.93,	845.19
349.76,	223.69,	594.58
352.81,	224.84,	719.53
355.86,	225.98,	844.49
350.69,	348.68,	593.41
353.74,	349.83,	718.36
356.79,	350.97,	843.32
351.62,	473.67,	592.24
354.68,	474.82,	717.19
357.73,	475.97,	842.15
99.4,	351.28,	100.39
102.25,	351.34,	225.36
105.1,	351.4,	350.33
96.76,	476.26,	100.39
99.61,	476.32,	225.36
102.46,	476.38,	350.33
94.13,	601.23,	100.39
96.98,	601.29,	225.36
99.83,	601.35,	350.33
224.34,	353.92,	97.54
227.19,	353.98,	222.51
230.04,	354.04,	347.48
221.7,	478.89,	97.54
224.55,	478.95,	222.51
227.4,	479.01,	347.48
219.07,	603.86,	97.54
221.92,	603.92,	222.51
224.77,	603.98,	347.48
349.28,	356.55,	94.69
352.13,	356.61,	219.66
354.98,	356.67,	344.62
346.64,	481.52,	94.69
349.49,	481.58,	219.66
352.34,	481.64,	344.62
344.01,	606.5,	94.69
346.86,	606.56,	219.66
349.71,	606.62,	344.62
100.64,	348.87,	224.14
101.83,	348.33,	349.14
103.02,	347.8,	474.13
102.15,	473.86,	224.67
103.34,	473.32,	349.66
104.53,	472.79,	474.65
103.65,	598.85,	225.19
104.85,	598.31,	350.18
106.04,	597.78,	475.18
225.62,	347.37,	222.95
226.82,	346.83,	347.94
228.01,	346.29,	472.93
227.13,	472.36,	223.47
228.32,	471.82,	348.46
229.52,	471.28,	473.45
228.64,	597.35,	223.99
229.83,	596.81,	348.98
231.03,	596.27,	473.98
350.61,	345.86,	221.75
351.8,	345.33,	346.74
352.99,	344.79,	471.73
352.12,	470.85,	222.27
353.31,	470.32,	347.26
354.5,	469.78,	472.26
353.62,	595.84,	222.79
354.82,	595.31,	347.78
356.01,	594.77,	472.78
99.31,	350.76,	349.38
97.06,	353.74,	474.33
94.81,	356.72,	599.27
96.76,	475.7,	346.36
94.5,	478.68,	471.3
92.25,	481.66,	596.25
94.2,	600.64,	343.34
91.95,	603.62,	468.28
89.69,	606.59,	593.23
224.27,	353.37,	351.57
222.02,	356.35,	476.52
219.76,	359.33,	601.46
221.71,	478.31,	348.55
219.46,	481.29,	473.49
217.21,	484.27,	598.44
219.15,	603.25,	345.53
216.9,	606.23,	470.47
214.65,	609.2,	595.42
349.22,	355.99,	353.76
346.97,	358.96,	478.71
344.72,	361.94,	603.65
346.66,	480.92,	350.74
344.41,	483.9,	475.69
342.16,	486.88,	600.63
344.11,	605.86,	347.72
341.85,	608.84,	472.66
339.6,	611.82,	597.61
101.84,	350.63,	475.31
103.09,	349.17,	600.29
104.34,	347.71,	725.28
98.61,	475.58,	476.8
99.87,	474.12,	601.79
101.12,	472.66,	726.77
95.39,	600.53,	478.3
96.64,	599.07,	603.28
97.89,	597.61,	728.27
226.79,	353.87,	474.09
228.04,	352.41,	599.08
229.29,	350.94,	724.06
223.57,	478.82,	475.59
224.82,	477.36,	600.57
226.07,	475.89,	725.56
220.34,	603.77,	477.08
221.59,	602.31,	602.07
222.84,	600.84,	727.05
351.74,	357.11,	472.88
352.99,	355.65,	597.87
354.24,	354.18,	722.85
348.52,	482.06,	474.38
349.77,	480.59,	599.36
351.02,	479.13,	724.35
345.3,	607.01,	475.87
346.55,	605.54,	600.86
347.8,	604.08,	725.84
98.74,	349.1,	600.89
95.33,	348.64,	725.84
91.93,	348.18,	850.8
101.43,	474.07,	601.43
98.03,	473.61,	726.38
94.62,	473.15,	851.33
104.13,	599.04,	601.96
100.72,	598.58,	726.91
97.32,	598.12,	851.87
223.66,	346.39,	604.29
220.26,	345.93,	729.24
216.85,	345.47,	854.19
226.36,	471.36,	604.82
222.95,	470.9,	729.77
219.55,	470.44,	854.73
229.06,	596.33,	605.36
225.65,	595.87,	730.31
222.24,	595.41,	855.26
348.59,	343.68,	607.68
345.18,	343.22,	732.64
341.77,	342.76,	857.59
351.28,	468.65,	608.22
347.88,	468.19,	733.17
344.47,	467.73,	858.12
353.98,	593.62,	608.75
350.57,	593.16,	733.71
347.17,	592.7,	858.66
100.68,	474.52,	101.97
102.58,	471.58,	226.92
104.49,	468.64,	351.87
99.01,	599.47,	104.93
100.91,	596.54,	229.88
102.82,	593.6,	354.83
97.34,	724.43,	107.9
99.24,	721.49,	232.85
101.15,	718.55,	357.8
225.65,	476.23,	100.1
227.56,	473.3,	225.05
229.46,	470.36,	350.0
223.98,	601.19,	103.07
225.89,	598.25,	228.02
227.79,	595.31,	352.97
222.31,	726.14,	106.03
224.22,	723.2,	230.98
226.13,	720.26,	355.93
350.62,	477.95,	98.24
352.53,	475.01,	223.19
354.44,	472.07,	348.14
348.96,	602.9,	101.2
350.86,	599.96,	226.15
352.77,	597.02,	351.1
347.29,	727.85,	104.16
349.19,	724.92,	229.11
351.1,	721.98,	354.07
101.1,	476.29,	223.84
102.35,	478.43,	348.81
103.6,	480.56,	473.79
98.32,	601.24,	221.73
99.57,	603.38,	346.71
100.82,	605.51,	471.68
95.53,	726.19,	219.63
96.78,	728.33,	344.6
98.03,	730.46,	469.58
226.06,	479.05,	222.54
227.31,	481.19,	347.52
228.56,	483.32,	472.49
223.28,	604.01,	220.44
224.53,	606.14,	345.41
225.78,	608.27,	470.39
220.5,	728.96,	218.33
221.75,	731.09,	343.31
223.0,	733.22,	468.28
351.03,	481.82,	221.24
352.28,	483.95,	346.22
353.53,	486.08,	471.2
348.24,	606.77,	219.14
349.49,	608.9,	344.11
350.74,	611.03,	469.09
345.46,	731.72,	217.03
346.71,	733.85,	342.01
347.96,	735.99,	466.98
101.67,	475.24,	351.58
102.21,	473.88,	476.57
102.75,	472.52,	601.56
105.31,	600.18,	352.92
105.85,	598.82,	477.91
106.39,	597.46,	602.91
108.96,	725.12,	354.27
109.5,	723.76,	479.26
110.04,	722.4,	604.25
226.61,	471.6,	351.0
227.15,	470.24,	475.99
227.69,	468.88,	600.98
230.26,	596.54,	352.34
230.8,	595.18,	477.33
231.34,	593.82,	602.33
233.9,	721.48,	353.69
234.44,	720.12,	478.68
234.98,	718.76,	603.67
351.56,	467.96,	350.42
352.1,	466.6,	475.41
352.64,	465.24,	600.4
355.2,	592.9,	351.76
355.74,	591.54,	476.75
356.29,	590.18,	601.75
358.85,	717.84,	353.11
359.39,	716.48,	478.1
359.93,	715.12,	603.09
98.19,	473.13,	475.14
99.95,	474.07,	600.12
101.71,	475.01,	725.11
95.66,	598.1,	474.24
97.42,	599.04,	599.22
99.19,	599.98,	724.2
93.14,	723.07,	473.34
94.9,	724.01,	598.32
96.66,	724.95,	723.3
223.15,	475.65,	473.36
224.91,	476.58,	598.34
226.67,	477.52,	723.33
220.62,	600.62,	472.46
222.39,	601.55,	597.44
224.15,	602.49,	722.42
218.1,	725.59,	471.55
219.86,	726.52,	596.54
221.62,	727.46,	721.52
348.11,	478.16,	471.58
349.87,	479.1,	596.56
351.64,	480.03,	721.54
345.59,	603.13,	470.68
347.35,	604.07,	595.66
349.11,	605.0,	720.64
343.06,	728.1,	469.77
344.82,	729.04,	594.76
346.58,	729.97,	719.74
100.79,	473.27,	599.54
98.74,	476.26,	724.49
96.69,	479.24,	849.44
99.54,	598.23,	596.53
97.49,	601.21,	721.48
95.44,	604.2,	846.43
98.3,	723.19,	593.53
96.25,	726.17,	718.48
94.2,	729.16,	843.42
225.76,	474.56,	601.56
223.71,	477.55,	726.51
221.67,	480.53,	851.45
224.52,	599.52,	598.55
222.47,	602.51,	723.5
220.42,	605.49,	848.45
223.28,	724.48,	595.55
221.23,	727.46,	720.49
219.18,	730.45,	845.44
350.74,	475.86,	603.58
348.69,	478.84,	728.53
346.64,	481.83,	853.47
349.5,	600.81,	600.57
347.45,	603.8,	725.52
345.4,	606.78,	850.47
348.25,	725.77,	597.57
346.2,	728.76,	722.51
344.15,	731.74,	847.46
100.41,	600.15,	99.05
100.9,	596.79,	224.0
101.38,	593.44,	348.95
99.39,	725.1,	102.41
99.88,	721.74,	227.36
100.37,	718.39,	352.31
98.38,	850.05,	105.77
98.86,	846.7,	230.72
99.35,	843.34,	355.68
225.41,	601.18,	98.59
225.89,	597.82,	223.54
226.38,	594.47,	348.49
224.39,	726.13,	101.95
224.88,	722.78,	226.9
225.36,	719.42,	351.86
223.37,	851.08,	105.31
223.86,	847.73,	230.26
224.34,	844.37,	355.22
350.4,	602.21,	98.13
350.89,	598.85,	223.08
351.37,	595.5,	348.03
349.38,	727.16,	101.49
349.87,	723.81,	226.44
350.36,	720.45,	351.4
348.37,	852.11,	104.85
348.85,	848.76,	229.8
349.34,	845.4,	354.76
101.92,	599.75,	223.5
99.2,	596.47,	348.43
96.48,	593.19,	473.35
100.61,	724.71,	226.75
97.89,	721.42,	351.68
95.16,	718.14,	476.61
99.3,	849.66,	230.0
96.58,	846.37,	354.93
93.85,	843.09,	479.86
226.89,	601.0,	226.25
224.16,	597.71,	351.18
221.44,	594.43,	476.11
225.57,	725.95,	229.51
222.85,	722.66,	354.43
220.13,	719.38,	479.36
224.26,	850.9,	232.76
221.54,	847.62,	357.69
218.82,	844.33,	482.61
351.85,	602.24,	229.01
349.13,	598.95,	353.94
346.4,	595.67,	478.86
350.54,	727.19,	232.26
347.81,	723.91,	357.19
345.09,	720.62,	482.12
349.22,	852.14,	235.52
346.5,	848.86,	360.44
343.78,	845.58,	485.37
98.46,	601.13,	351.5
100.41,	603.89,	476.46
102.35,	606.65,	601.41
101.34,	726.06,	348.7
103.29,	728.82,	473.65
105.23,	731.58,	598.61
104.22,	851.0,	345.89
106.16,	853.76,	470.85
108.11,	856.52,	595.8
223.41,	598.21,	349.62
225.36,	600.97,	474.57
227.31,	603.73,	599.53
226.29,	723.14,	346.81
228.24,	725.9,	471.77
230.18,	728.66,	596.72
229.17,	848.08,	344.01
231.12,	850.84,	468.96
233.06,	853.6,	593.92
348.36,	595.29,	347.74
350.31,	598.05,	472.69
352.26,	600.81,	597.65
351.24,	720.22,	344.93
353.19,	722.98,	469.89
355.14,	725.74,	594.84
354.12,	845.16,	342.13
356.07,	847.92,	467.08
358.01,	850.68,	592.04
99.83,	598.59,	476.78
102.57,	596.13,	601.72
105.3,	593.67,	726.67
103.39,	723.52,	479.16
106.12,	721.06,	604.11
108.85,	718.59,	729.05
106.94,	848.45,	481.55
109.67,	845.98,	606.49
112.4,	843.52,	731.44
224.75,	595.09,	473.98
227.49,	592.63,	598.92
230.22,	590.17,	723.87
228.31,	720.02,	476.36
231.04,	717.56,	601.31
233.77,	715.1,	726.25
231.86,	844.95,	478.74
234.59,	842.49,	603.69
237.32,	840.02,	728.64
349.67,	591.6,	471.17
352.41,	589.14,	596.12
355.14,	586.67,	721.07
353.22,	716.52,	473.56
355.96,	714.06,	598.5
358.69,	711.6,	723.45
356.78,	841.45,	475.94
359.51,	838.99,	600.89
362.24,	836.53,	725.84
100.49,	600.87,	600.81
102.72,	597.21,	725.74
104.95,	593.55,	850.66
103.33,	725.79,	604.42
105.56,	722.12,	729.35
107.8,	718.46,	854.27
106.18,	850.7,	608.03
108.41,	847.04,	732.96
110.64,	843.38,	857.88
225.44,	598.09,	598.5
227.67,	594.43,	723.42
229.9,	590.77,	848.35
228.28,	723.01,	602.11
230.51,	719.34,	727.03
232.74,	715.68,	851.96
231.13,	847.92,	605.72
233.36,	844.26,	730.64
235.59,	840.6,	855.57
350.38,	595.31,	596.18
352.61,	591.65,	721.11
354.84,	587.99,	846.04
353.23,	720.23,	599.79
355.46,	716.56,	724.72
357.69,	712.9,	849.65
356.08,	845.14,	603.4
358.31,	841.48,	728.33
360.54,	837.82,	853.26
226.2,	101.79,	100.78
225.43,	105.24,	225.73
224.67,	108.69,	350.68
228.84,	226.72,	97.34
228.08,	230.17,	222.29
227.31,	233.62,	347.24
231.49,	351.64,	93.91
230.73,	355.09,	218.86
229.96,	358.54,	343.81
351.17,	99.17,	101.61
350.4,	102.62,	226.56
349.64,	106.07,	351.51
353.81,	224.09,	98.18
353.05,	227.54,	223.13
352.28,	230.99,	348.08
356.46,	349.01,	94.75
355.7,	352.47,	219.7
354.93,	355.92,	344.65
476.14,	96.54,	102.45
475.37,	99.99,	227.4
474.61,	103.44,	352.35
478.78,	221.46,	99.02
478.02,	224.92,	223.97
477.25,	228.37,	348.92
481.43,	346.39,	95.58
480.67,	349.84,	220.53
479.9,	353.29,	345.48
225.33,	98.86,	223.55
223.33,	101.99,	348.49
221.34,	105.11,	473.44
221.83,	223.77,	220.36
219.83,	226.9,	345.31
217.84,	230.02,	470.25
218.32,	348.68,	217.18
216.33,	351.81,	342.13
214.34,	354.93,	467.07
350.26,	102.41,	225.45
348.27,	105.54,	350.39
346.28,	108.67,	475.34
346.76,	227.32,	222.27
344.77,	230.45,	347.21
342.77,	233.58,	472.16
343.26,	352.23,	219.09
341.27,	355.36,	344.03
339.27,	358.49,	468.98
475.2,	105.97,	227.35
473.2,	109.09,	352.3
471.21,	112.22,	477.24
471.7,	230.88,	224.17
469.7,	234.0,	349.12
467.71,	237.13,	474.06
468.19,	355.79,	220.99
466.2,	358.91,	345.94
464.21,	362.04,	470.88
223.36,	100.38,	350.91
226.25,	101.33,	475.87
229.14,	102.28,	600.83
223.62,	225.38,	349.96
226.51,	226.33,	474.92
229.41,	227.27,	599.88
223.89,	350.38,	349.0
226.78,	351.32,	473.97
229.67,	352.27,	598.93
348.32,	100.1,	348.02
351.21,	101.04,	472.98
354.11,	101.99,	597.94
348.59,	225.09,	347.07
351.48,	226.04,	472.03
354.37,	226.99,	596.99
348.85,	350.09,	346.11
351.74,	351.04,	471.08
354.64,	351.98,	596.04
473.29,	99.81,	345.13
476.18,	100.76,	470.09
479.07,	101.7,	595.05
473.55,	224.81,	344.18
476.45,	225.75,	469.14
479.34,	226.7,	594.1
473.82,	349.8,	343.22
476.71,	350.75,	468.19
479.6,	351.69,	593.15
224.16,	99.33,	473.47
225.35,	102.56,	598.43
226.55,	105.78,	723.38
224.21,	224.29,	470.25
225.41,	227.51,	595.2
226.6,	230.74,	720.15
224.27,	349.25,	467.02
225.46,	352.47,	591.97
226.65,	355.7,	716.93
349.15,	99.25,	472.28
350.35,	102.47,	597.23
351.54,	105.7,	722.19
349.21,	224.2,	469.05
350.4,	227.43,	594.01
351.59,	230.66,	718.96
349.26,	349.16,	465.83
350.45,	352.39,	590.78
351.65,	355.62,	715.73
474.15,	99.16,	471.09
475.34,	102.39,	596.04
476.54,	105.62,	721.0
474.2,	224.12,	467.86
475.39,	227.35,	592.82
476.59,	230.57,	717.77
474.25,	349.08,	464.64
475.45,	352.31,	589.59
476.64,	355.53,	714.54
223.82,	98.49,	598.54
227.4,	101.08,	723.46
230.98,	103.67,	848.38
225.0,	223.46,	595.91
228.58,	226.05,	720.84
232.16,	228.64,	845.76
226.18,	348.43,	593.29
229.76,	351.02,	718.21
233.34,	353.61,	843.13
348.77,	97.24,	594.98
352.34,	99.83,	719.91
355.92,	102.42,	844.83
349.94,	222.21,	592.36
353.52,	224.8,	717.28
357.1,	227.39,	842.2
351.12,	347.17,	589.74
354.7,	349.76,	714.66
358.28,	352.35,	839.58
473.71,	95.99,	591.43
477.29,	98.58,	716.35
480.87,	101.17,	841.27
474.89,	220.96,	588.81
478.47,	223.55,	713.73
482.04,	226.14,	838.65
476.06,	345.92,	586.18
479.64,	348.51,	711.1
483.22,	351.1,	836.03
226.59,	225.97,	99.91
224.18,	223.99,	224.87
221.76,	222.02,	349.83
227.15,	350.95,	101.9
224.73,	348.97,	226.86
222.32,	347.0,	351.82
227.71,	475.93,	103.88
225.29,	473.96,	228.85
222.88,	471.98,	353.81
351.57,	225.37,	102.32
349.15,	223.4,	227.28
346.74,	221.42,	352.24
352.12,	350.36,	104.3
349.71,	348.38,	229.26
347.3,	346.4,	354.22
352.68,	475.34,	106.29
350.27,	473.36,	231.25
347.85,	471.39,	356.21
476.54,	224.78,	104.72
474.13,	222.8,	229.68
471.71,	220.82,	354.64
477.1,	349.76,	106.71
474.69,	347.78,	231.67
472.27,	345.81,	356.63
477.66,	474.74,	108.7
475.24,	472.77,	233.66
472.83,	470.79,	358.62
226.71,	224.33,	224.52
223.75,	222.15,	349.47
220.78,	219.98,	474.41
223.72,	349.27,	226.62
220.76,	347.1,	351.57
217.79,	344.93,	476.51
220.74,	474.22,	228.72
217.77,	472.05,	353.67
214.8,	469.88,	478.62
351.64,	227.26,	227.54
348.67,	225.09,	352.48
345.71,	222.92,	477.43
348.65,	352.21,	229.64
345.69,	350.04,	354.59
342.72,	347.87,	479.53
345.66,	477.16,	231.74
342.7,	474.98,	356.69
339.73,	472.81,	481.63
476.57,	230.2,	230.55
473.6,	228.03,	355.5
470.64,	225.86,	480.45
473.58,	355.15,	232.66
470.62,	352.97,	357.6
467.65,	350.8,	482.55
470.59,	480.09,	234.76
467.63,	477.92,	359.7
464.66,	475.75,	484.65
226.09,	224.43,	349.08
224.65,	222.87,	474.07
223.21,	221.31,	599.05
229.11,	349.38,	350.67
227.67,	347.82,	475.66
226.23,	346.27,	600.64
232.13,	474.33,	352.26
230.69,	472.78,	477.25
229.25,	471.22,	602.23
351.05,	221.39,	350.48
349.61,	219.84,	475.47
348.17,	218.28,	600.45
354.06,	346.35,	352.07
352.62,	344.79,	477.06
351.19,	343.23,	602.04
357.08,	471.3,	353.67
355.64,	469.74,	478.65
354.2,	468.19,	603.63
476.0,	218.36,	351.89
474.56,	216.8,	476.87
473.12,	215.24,	601.85
479.02,	343.31,	353.48
477.58,	341.75,	478.46
476.14,	340.2,	603.44
482.04,	468.26,	355.07
480.6,	466.71,	480.05
479.16,	465.15,	605.03
226.29,	224.65,	476.4
222.89,	226.96,	601.33
219.49,	229.28,	726.26
228.89,	349.6,	474.15
225.49,	351.92,	599.08
222.09,	354.23,	724.02
231.5,	474.55,	471.91
228.09,	476.87,	596.84
224.69,	479.18,	721.77
351.22,	222.11,	479.85
347.82,	224.42,	604.78
344.42,	226.74,	729.71
353.82,	347.06,	477.6
350.42,	349.38,	602.53
347.02,	351.69,	727.47
356.42,	472.02,	475.36
353.02,	474.33,	600.29
349.62,	476.64,	725.22
476.15,	219.57,	483.29
472.74,	221.89,	608.23
469.34,	224.2,	733.16
478.75,	344.52,	481.05
475.35,	346.84,	605.98
471.94,	349.15,	730.92
481.35,	469.48,	478.81
477.95,	471.79,	603.74
474.54,	474.11,	728.67
225.02,	224.91,	599.49
223.7,	224.92,	724.49
222.38,	224.92,	849.48
228.26,	349.87,	599.52
226.94,	349.87,	724.51
225.62,	349.88,	849.51
231.5,	474.83,	599.55
230.18,	474.83,	724.54
228.86,	474.84,	849.53
349.98,	221.67,	600.81
348.65,	221.68,	725.81
347.33,	221.69,	850.8
353.21,	346.63,	600.84
351.89,	346.64,	725.83
350.57,	346.64,	850.83
356.45,	471.59,	600.87
355.13,	471.6,	725.86
353.81,	471.6,	850.86
474.93,	218.44,	602.14
473.61,	218.44,	727.13
472.28,	218.45,	852.12
478.16,	343.39,	602.16
476.84,	343.4,	727.16
475.52,	343.41,	852.15
481.4,	468.35,	602.19
480.08,	468.36,	727.18
478.76,	468.37,	852.18
224.47,	348.73,	98.36
225.43,	349.12,	223.36
226.4,	349.5,	348.35
225.02,	473.73,	97.97
225.98,	474.12,	222.97
226.94,	474.5,	347.96
225.57,	598.73,	97.58
226.53,	599.12,	222.58
227.49,	599.5,	347.57
349.47,	348.18,	97.4
350.43,	348.57,	222.4
351.39,	348.95,	347.39
350.02,	473.18,	97.01
350.98,	473.56,	222.01
351.94,	473.95,	347.0
350.57,	598.18,	96.62
351.53,	598.56,	221.62
352.49,	598.95,	346.62
474.46,	347.63,	96.44
475.42,	348.01,	221.44
476.39,	348.4,	346.43
475.01,	472.63,	96.05
475.97,	473.01,	221.05
476.93,	473.4,	346.04
475.56,	597.63,	95.66
476.52,	598.01,	220.66
477.48,	598.39,	345.66
223.46,	351.12,	224.33
225.98,	354.67,	349.25
228.5,	358.23,	474.18
219.88,	476.02,	220.85
222.4,	479.57,	345.77
224.92,	483.13,	470.69
216.31,	600.92,	217.36
218.83,	604.47,	342.28
221.35,	608.03,	467.21
348.38,	354.62,	221.71
350.9,	358.18,	346.63
353.42,	361.73,	471.56
344.81,	479.52,	218.23
347.33,	483.08,	343.15
349.84,	486.63,	468.07
341.23,	604.42,	214.74
343.75,	607.98,	339.66
346.27,	611.53,	464.59
473.3,	358.12,	219.09
475.82,	361.68,	344.02
478.34,	365.24,	468.94
469.73,	483.02,	215.61
472.25,	486.58,	340.53
474.77,	490.14,	465.45
466.15,	607.92,	212.12
468.67,	611.48,	337.05
471.19,	615.04,	461.97
224.98,	350.12,	350.72
225.58,	347.09,	475.68
226.19,	344.05,	600.64
222.53,	475.06,	353.76
223.14,	472.03,	478.72
223.75,	468.99,	603.68
220.09,	600.0,	356.8
220.69,	596.96,	481.76
221.3,	593.93,	606.73
349.95,	352.58,	350.17
350.56,	349.54,	475.13
351.16,	346.51,	600.09
347.51,	477.52,	353.21
348.11,	474.48,	478.18
348.72,	471.45,	603.14
345.06,	602.45,	356.26
345.67,	599.42,	481.22
346.28,	596.39,	606.18
474.93,	355.04,	349.62
475.53,	352.0,	474.59
476.14,	348.97,	599.55
472.48,	479.97,	352.67
473.09,	476.94,	477.63
473.69,	473.91,	602.59
470.04,	604.91,	355.71
470.64,	601.88,	480.67
471.25,	598.85,	605.63
224.18,	350.16,	473.91
221.37,	346.77,	598.84
218.56,	343.37,	723.76
222.86,	475.11,	477.28
220.05,	471.71,	602.2
217.24,	468.32,	727.13
221.55,	600.06,	480.65
218.74,	596.66,	605.57
215.93,	593.27,	730.49
349.14,	351.4,	476.76
346.33,	348.0,	601.68
343.52,	344.61,	726.6
347.82,	476.35,	480.12
345.01,	472.95,	605.05
342.2,	469.55,	729.97
346.51,	601.29,	483.49
343.7,	597.9,	608.41
340.89,	594.5,	733.34
474.1,	352.64,	479.6
471.29,	349.24,	604.52
468.48,	345.84,	729.45
472.78,	477.58,	482.97
469.98,	474.19,	607.89
467.17,	470.79,	732.81
471.47,	602.53,	486.33
468.66,	599.13,	611.26
465.85,	595.74,	736.18
223.03,	348.72,	598.12
223.66,	348.31,	723.12
224.29,	347.9,	848.12
222.65,	473.72,	598.53
223.28,	473.31,	723.53
223.91,	472.9,	848.53
222.26,	598.71,	598.94
222.9,	598.3,	723.94
223.53,	597.89,	848.94
348.02,	349.1,	597.49
348.66,	348.69,	722.49
349.29,	348.28,	847.49
347.64,	474.1,	597.9
348.28,	473.69,	722.9
348.91,	473.28,	847.9
347.26,	599.1,	598.31
347.89,	598.69,	723.31
348.53,	598.28,	848.31
473.02,	349.48,	596.86
473.66,	349.07,	721.86
474.29,	348.66,	846.85
472.64,	474.48,	597.27
473.27,	474.07,	722.27
473.91,	473.66,	847.27
472.26,	599.48,	597.68
472.89,	599.07,	722.68
473.53,	598.66,	847.68
223.25,	473.55,	98.96
219.8,	476.13,	223.89
216.34,	478.71,	348.81
223.46,	598.52,	96.39
220.0,	601.1,	221.31
216.54,	603.68,	346.24
223.66,	723.5,	93.81
220.2,	726.08,	218.74
216.74,	728.66,	343.66
348.21,	473.42,	102.42
344.75,	476.0,	227.35
341.29,	478.58,	352.27
348.41,	598.39,	99.85
344.95,	600.97,	224.77
341.49,	603.55,	349.7
348.61,	723.37,	97.27
345.15,	725.95,	222.2
341.69,	728.53,	347.12
473.16,	473.29,	105.88
469.7,	475.87,	230.81
466.24,	478.45,	355.73
473.36,	598.26,	103.31
469.9,	600.84,	228.23
466.45,	603.42,	353.16
473.56,	723.24,	100.73
470.1,	725.82,	225.66
466.65,	728.4,	350.58
223.4,	476.2,	225.9
222.5,	473.84,	350.87
221.59,	471.48,	475.85
221.68,	601.17,	228.24
220.78,	598.81,	353.22
219.87,	596.45,	478.19
219.96,	726.13,	230.59
219.06,	723.77,	355.56
218.15,	721.42,	480.54
348.39,	477.9,	226.83
347.48,	475.54,	351.81
346.58,	473.18,	476.78
346.67,	602.87,	229.18
345.76,	600.51,	354.15
344.86,	598.15,	479.13
344.95,	727.83,	231.53
344.04,	725.48,	356.5
343.14,	723.12,	481.48
473.37,	479.6,	227.77
472.47,	477.24,	352.75
471.56,	474.88,	477.72
471.65,	604.57,	230.12
470.75,	602.21,	355.09
469.84,	599.85,	480.07
469.93,	729.53,	232.46
469.03,	727.18,	357.44
468.12,	724.82,	482.41
223.12,	473.49,	350.03
224.97,	472.56,	475.01
226.82,	471.63,	600.0
221.38,	598.48,	350.99
223.23,	597.54,	475.97
225.08,	596.61,	600.95
219.64,	723.46,	351.95
221.49,	722.53,	476.93
223.34,	721.6,	601.91
348.1,	475.25,	348.19
349.95,	474.32,	473.18
351.8,	473.38,	598.16
346.36,	600.23,	349.15
348.21,	599.3,	474.13
350.06,	598.37,	599.12
344.61,	725.22,	350.11
346.46,	724.28,	475.09
348.31,	723.35,	600.08
473.07,	477.0,	346.35
474.92,	476.07,	471.34
476.77,	475.14,	596.32
471.33,	601.99,	347.31
473.18,	601.06,	472.3
475.03,	600.12,	597.28
469.59,	726.97,	348.27
471.44,	726.04,	473.26
473.29,	725.11,	598.24
225.42,	474.28,	474.45
222.16,	473.97,	599.4
218.9,	473.66,	724.36
224.79,	599.28,	474.74
221.53,	598.97,	599.69
218.27,	598.66,	724.65
224.16,	724.28,	475.03
220.9,	723.97,	599.99
217.64,	723.66,	724.94
350.38,	474.9,	477.71
347.12,	474.59,	602.66
343.86,	474.28,	727.62
349.75,	599.9,	478.0
346.49,	599.59,	602.96
343.23,	599.28,	727.91
349.12,	724.9,	478.29
345.86,	724.59,	603.25
342.6,	724.28,	728.2
475.33,	475.52,	480.97
472.07,	475.21,	605.92
468.81,	474.91,	730.88
474.7,	600.52,	481.26
471.44,	600.21,	606.22
468.18,	599.9,	731.17
474.07,	725.52,	481.55
470.81,	725.21,	606.51
467.56,	724.9,	731.46
225.89,	475.67,	598.21
225.53,	473.86,	723.2
225.17,	472.06,	848.18
226.98,	600.65,	600.02
226.62,	598.85,	725.01
226.26,	597.04,	849.99
228.08,	725.63,	601.83
227.72,	723.83,	726.81
227.36,	722.02,	851.8
350.88,	474.57,	598.56
350.52,	472.76,	723.54
350.16,	470.96,	848.53
351.98,	599.55,	600.36
351.62,	597.75,	725.35
351.26,	595.94,	850.34
353.07,	724.53,	602.17
352.71,	722.73,	727.16
352.35,	720.92,	852.14
475.88,	473.47,	598.9
475.52,	471.66,	723.89
475.16,	469.86,	848.87
476.97,	598.45,	600.71
476.61,	596.65,	725.69
476.25,	594.84,	850.68
478.07,	723.43,	602.51
477.71,	721.63,	727.5
477.35,	719.82,	852.49
223.9,	600.73,	98.75
223.58,	597.08,	223.7
223.25,	593.43,	348.64
225.95,	725.66,	102.4
225.62,	722.01,	227.35
225.3,	718.36,	352.3
227.99,	850.59,	106.06
227.66,	846.94,	231.0
227.34,	843.29,	355.95
348.89,	598.68,	99.01
348.56,	595.03,	223.96
348.24,	591.38,	348.91
350.93,	723.61,	102.67
350.6,	719.96,	227.61
350.28,	716.31,	352.56
352.97,	848.54,	106.32
352.64,	844.89,	231.27
352.32,	841.24,	356.21
473.87,	596.63,	99.28
473.55,	592.98,	224.23
473.22,	589.33,	349.17
475.91,	721.56,	102.93
475.59,	717.91,	227.88
475.26,	714.26,	352.83
477.95,	846.49,	106.59
477.63,	842.84,	231.53
477.3,	839.19,	356.48
223.53,	598.06,	226.53
224.34,	599.85,	351.51
225.15,	601.64,	476.5
225.95,	723.02,	224.72
226.76,	724.82,	349.71
227.57,	726.61,	474.69
228.37,	847.99,	222.92
229.18,	849.78,	347.9
229.99,	851.57,	472.89
348.5,	595.63,	225.76
349.31,	597.42,	350.74
350.12,	599.21,	475.73
350.92,	720.59,	223.95
351.73,	722.38,	348.94
352.54,	724.17,	473.92
353.34,	845.56,	222.15
354.15,	847.35,	347.13
354.96,	849.14,	472.11
473.48,	593.2,	224.98
474.29,	594.99,	349.97
475.09,	596.78,	474.95
475.9,	718.16,	223.18
476.71,	719.95,	348.16
477.51,	721.74,	473.15
478.32,	843.13,	221.37
479.13,	844.92,	346.36
479.93,	846.71,	471.34
226.94,	599.12,	351.51
226.97,	596.28,	476.48
226.99,	593.44,	601.45
228.2,	724.08,	354.35
228.22,	721.24,	479.32
228.25,	718.4,	604.29
229.45,	849.04,	357.19
229.47,	846.2,	482.16
229.5,	843.36,	607.13
351.94,	597.87,	351.46
351.96,	595.03,	476.43
351.99,	592.19,	601.39
353.19,	722.83,	354.3
353.22,	719.99,	479.27
353.24,	717.15,	604.23
354.44,	847.79,	357.14
354.47,	844.95,	482.1
354.49,	842.11,	607.07
476.93,	596.62,	351.4
476.96,	593.78,	476.37
476.98,	590.94,	601.34
478.18,	721.58,	354.24
478.21,	718.74,	479.21
478.23,	715.9,	604.18
479.44,	846.54,	357.08
479.46,	843.7,	482.05
479.49,	840.86,	607.02
225.49,	601.72,	475.16
222.22,	603.91,	600.1
218.95,	606.1,	725.03
223.75,	726.69,	472.92
220.48,	728.88,	597.86
217.21,	731.06,	722.8
222.01,	851.66,	470.69
218.74,	853.85,	595.63
215.47,	856.03,	720.57
350.43,	603.52,	478.39
347.16,	605.71,	603.33
343.9,	607.9,	728.27
348.69,	728.49,	476.16
345.42,	730.68,	601.1
342.16,	732.86,	726.04
346.95,	853.46,	473.93
343.68,	855.64,	598.87
340.42,	857.83,	723.8
475.38,	605.32,	481.63
472.11,	607.51,	606.57
468.84,	609.69,	731.51
473.64,	730.29,	479.4
470.37,	732.47,	604.34
467.1,	734.66,	729.27
471.9,	855.26,	477.16
468.63,	857.44,	602.1
465.36,	859.63,	727.04
226.96,	598.64,	599.16
228.59,	597.16,	724.14
230.21,	595.68,	849.13
228.89,	723.62,	600.62
230.51,	722.14,	725.6
232.14,	720.66,	850.58
230.82,	848.6,	602.07
232.44,	847.12,	727.05
234.07,	845.64,	852.03
351.94,	596.73,	597.52
353.56,	595.25,	722.5
355.19,	593.77,	847.48
353.86,	721.71,	598.97
355.49,	720.23,	723.95
357.11,	718.75,	848.93
355.79,	846.69,	600.42
357.42,	845.21,	725.41
359.04,	843.73,	850.39
476.91,	594.83,	595.87
478.54,	593.35,	720.85
480.16,	591.87,	845.83
478.84,	719.8,	597.32
480.46,	718.32,	722.3
482.09,	716.84,	847.28
480.77,	844.78,	598.78
482.39,	843.3,	723.76
484.02,	841.82,	848.74
348.64,	98.19,	100.33
351.72,	99.48,	225.29
354.8,	100.77,	350.25
345.68,	223.15,	99.12
348.76,	224.44,	224.07
351.84,	225.73,	349.03
342.72,	348.11,	97.9
345.8,	349.4,	222.86
348.88,	350.69,	347.81
473.57,	101.12,	97.23
476.64,	102.41,	222.18
479.72,	103.7,	347.14
470.61,	226.08,	96.01
473.69,	227.37,	220.97
476.77,	228.65,	345.92
467.65,	351.04,	94.79
470.73,	352.33,	219.75
473.81,	353.61,	344.71
598.49,	104.05,	94.12
601.57,	105.33,	219.07
604.65,	106.62,	344.03
595.53,	229.01,	92.9
598.61,	230.29,	217.86
601.69,	231.58,	342.81
592.58,	353.96,	91.69
595.65,	355.25,	216.64
598.73,	356.54,	341.6
350.03,	98.61,	226.64
347.94,	97.62,	351.62
345.86,	96.63,	476.6
350.06,	223.61,	227.64
347.98,	222.62,	352.62
345.89,	221.62,	477.59
350.1,	348.61,	228.63
348.01,	347.61,	353.61
345.93,	346.62,	478.59
475.01,	98.56,	228.73
472.93,	97.57,	353.71
470.84,	96.57,	478.69
475.05,	223.56,	229.72
472.96,	222.56,	354.7
470.88,	221.57,	479.68
475.08,	348.55,	230.72
472.99,	347.56,	355.7
470.91,	346.57,	480.67
599.99,	98.51,	230.81
597.91,	97.52,	355.79
595.82,	96.52,	480.77
600.03,	223.51,	231.81
597.94,	222.51,	356.79
595.86,	221.52,	481.76
600.06,	348.5,	232.8
597.98,	347.51,	357.78
595.89,	346.52,	482.76
350.92,	99.98,	349.6
353.53,	102.27,	474.55
356.13,	104.56,	599.5
351.69,	224.96,	347.29
354.29,	227.25,	472.24
356.9,	229.54,	597.19
352.46,	349.93,	344.98
355.06,	352.22,	469.94
357.66,	354.51,	594.89
475.89,	99.16,	347.01
478.5,	101.45,	471.96
481.1,	103.74,	596.91
476.66,	224.14,	344.7
479.26,	226.43,	469.65
481.87,	228.72,	594.6
477.43,	349.12,	342.39
480.03,	351.41,	467.35
482.63,	353.7,	592.3
600.86,	98.35,	344.42
603.47,	100.64,	469.37
606.07,	102.93,	594.32
601.63,	223.33,	342.11
604.23,	225.62,	467.06
606.84,	227.91,	592.02
602.4,	348.3,	339.81
605.0,	350.59,	464.76
607.61,	352.88,	589.71
349.46,	99.48,	474.85
352.45,	97.74,	599.8
355.44,	96.01,	724.76
348.97,	224.47,	476.6
351.97,	222.73,	601.55
354.96,	221.0,	726.5
348.49,	349.45,	478.35
351.49,	347.72,	603.3
354.48,	345.98,	728.25
474.42,	100.0,	471.86
477.41,	98.27,	596.82
480.41,	96.53,	721.77
473.94,	224.99,	473.61
476.93,	223.25,	598.56
479.93,	221.52,	723.52
473.46,	349.98,	475.36
476.45,	348.24,	600.31
479.44,	346.51,	725.26
599.38,	100.53,	468.88
602.38,	98.79,	593.83
605.37,	97.06,	718.78
598.9,	225.51,	470.62
601.89,	223.78,	595.58
604.89,	222.04,	720.53
598.42,	350.5,	472.37
601.41,	348.77,	597.32
604.41,	347.03,	722.28
349.28,	99.51,	600.82
351.79,	99.56,	725.79
354.3,	99.61,	850.77
352.34,	224.47,	600.7
354.84,	224.52,	725.68
357.35,	224.57,	850.65
355.39,	349.43,	600.59
357.9,	349.48,	725.56
360.4,	349.54,	850.54
474.22,	96.45,	598.31
476.73,	96.5,	723.29
479.23,	96.56,	848.26
477.28,	221.41,	598.2
479.78,	221.47,	723.17
482.29,	221.52,	848.15
480.33,	346.38,	598.09
482.83,	346.43,	723.06
485.34,	346.48,	848.04
599.16,	93.4,	595.81
601.67,	93.45,	720.78
604.17,	93.5,	845.76
602.21,	218.36,	595.7
604.72,	218.41,	720.67
607.22,	218.46,	845.65
605.27,	343.32,	595.58
607.77,	343.37,	720.56
610.28,	343.43,	845.53
348.73,	224.31,	98.29
345.87,	220.65,	223.21
343.01,	216.99,	348.12
352.41,	349.2,	102.03
349.55,	345.54,	226.95
346.69,	341.88,	351.86
356.09,	474.09,	105.78
353.23,	470.43,	230.69
350.37,	466.77,	355.6
473.64,	220.54,	101.04
470.78,	216.88,	225.95
467.92,	213.23,	350.87
477.32,	345.43,	104.78
474.46,	341.77,	229.7
471.61,	338.12,	354.61
481.0,	470.32,	108.52
478.15,	466.66,	233.44
475.29,	463.01,	358.35
598.55,	216.78,	103.79
595.69,	213.12,	228.7
592.84,	209.46,	353.62
602.23,	341.67,	107.53
599.38,	338.01,	232.44
596.52,	334.35,	357.36
605.92,	466.56,	111.27
603.06,	462.9,	236.18
600.2,	459.24,	361.1
350.51,	226.87,	226.23
349.44,	224.24,	351.19
348.36,	221.62,	476.16
352.1,	351.83,	228.86
351.02,	349.21,	353.83
349.94,	346.59,	478.8
353.68,	476.79,	231.5
352.6,	474.17,	356.46
351.52,	471.55,	481.43
475.5,	225.26,	227.27
474.42,	222.64,	352.24
473.34,	220.02,	477.21
477.08,	350.22,	229.91
476.0,	347.6,	354.87
474.93,	344.98,	479.84
478.67,	475.19,	232.54
477.59,	472.56,	357.51
476.51,	469.94,	482.48
600.49,	223.65,	228.32
599.41,	221.03,	353.28
598.33,	218.41,	478.25
602.07,	348.62,	230.95
600.99,	345.99,	355.92
599.91,	343.37,	480.89
603.65,	473.58,	233.59
602.57,	470.96,	358.56
601.49,	468.33,	483.52
351.4,	224.9,	350.19
352.28,	228.0,	475.15
353.16,	231.1,	600.1
353.69,	349.84,	347.07
354.57,	352.94,	472.03
355.45,	356.04,	596.99
355.97,	474.78,	343.96
356.85,	477.88,	468.92
357.73,	480.98,	593.88
476.38,	222.6,	349.36
477.26,	225.69,	474.32
478.14,	228.79,	599.28
478.66,	347.54,	346.25
479.54,	350.63,	471.21
480.42,	353.73,	596.17
480.95,	472.48,	343.14
481.83,	475.58,	468.1
482.71,	478.67,	593.05
601.36,	220.29,	348.54
602.23,	223.39,	473.5
603.11,	226.49,	598.46
603.64,	345.23,	345.43
604.52,	348.33,	470.39
605.4,	351.43,	595.35
605.92,	470.17,	342.32
606.8,	473.27,	467.27
607.68,	476.37,	592.23
351.53,	225.84,	475.71
353.95,	222.44,	600.64
356.37,	219.05,	725.57
353.23,	350.78,	479.08
355.65,	347.39,	604.01
358.07,	343.99,	728.94
354.94,	475.72,	482.44
357.36,	472.33,	607.37
359.78,	468.93,	732.3
476.49,	224.2,	473.25
478.91,	220.8,	598.18
481.33,	217.41,	723.11
478.2,	349.14,	476.61
480.62,	345.75,	601.54
483.04,	342.35,	726.47
479.91,	474.08,	479.98
482.32,	470.69,	604.91
484.74,	467.29,	729.84
601.46,	222.56,	470.79
603.88,	219.16,	595.72
606.3,	215.77,	720.65
603.16,	347.5,	474.15
605.58,	344.11,	599.08
608.0,	340.71,	724.01
604.87,	472.44,	477.51
607.29,	469.05,	602.44
609.71,	465.65,	727.37
351.46,	224.49,	600.91
351.06,	221.88,	725.89
350.66,	219.27,	850.86
353.22,	349.45,	603.53
352.82,	346.84,	728.51
352.42,	344.23,	853.48
354.97,	474.41,	606.15
354.58,	471.8,	731.13
354.18,	469.19,	856.1
476.44,	222.73,	601.28
476.05,	220.11,	726.25
475.65,	217.5,	851.22
478.2,	347.69,	603.9
477.8,	345.07,	728.87
477.41,	342.46,	853.84
479.96,	472.65,	606.51
479.56,	470.04,	731.49
479.16,	467.42,	856.46
601.43,	220.96,	601.64
601.03,	218.35,	726.61
600.64,	215.74,	851.58
603.19,	345.92,	604.26
602.79,	343.31,	729.23
602.39,	340.7,	854.2
604.95,	470.88,	606.88
604.55,	468.27,	731.85
604.15,	465.66,	856.82
348.34,	351.1,	99.7
348.08,	348.51,	224.68
347.82,	345.92,	349.65
348.17,	476.07,	102.29
347.91,	473.48,	227.26
347.65,	470.89,	352.24
348.01,	601.04,	104.88
347.75,	598.46,	229.85
347.49,	595.87,	354.83
473.34,	351.26,	99.97
473.08,	348.67,	224.94
472.82,	346.08,	349.91
473.17,	476.23,	102.56
472.91,	473.64,	227.53
472.65,	471.05,	352.5
473.01,	601.2,	105.14
472.75,	598.62,	230.12
472.49,	596.03,	355.09
598.34,	351.42,	100.23
598.08,	348.83,	225.2
597.82,	346.24,	350.18
598.17,	476.39,	102.82
597.91,	473.8,	227.79
597.65,	471.21,	352.77
598.01,	601.36,	105.41
597.75,	598.78,	230.38
597.49,	596.19,	355.35
348.42,	349.64,	223.09
348.05,	350.64,	348.08
347.68,	351.65,	473.08
347.19,	474.63,	222.08
346.82,	475.63,	347.07
346.45,	476.64,	472.07
345.96,	599.62,	221.07
345.59,	600.62,	346.06
345.22,	601.63,	471.06
473.41,	350.87,	223.45
473.04,	351.87,	348.44
472.67,	352.88,	473.44
472.18,	475.86,	222.44
471.81,	476.86,	347.43
471.44,	477.87,	472.43
470.96,	600.85,	221.43
470.59,	601.85,	346.42
470.22,	602.86,	471.42
598.4,	352.1,	223.81
598.03,	353.1,	348.8
597.66,	354.11,	473.8
597.18,	477.09,	222.8
596.81,	478.09,	347.79
596.44,	479.1,	472.79
595.95,	602.08,	221.79
595.58,	603.08,	346.78
595.21,	604.09,	471.78
350.95,	351.73,	351.65
352.99,	353.28,	476.62
355.04,	354.82,	601.6
349.12,	476.71,	350.13
351.16,	478.25,	475.11
353.21,	479.8,	600.08
347.29,	601.68,	348.62
349.33,	603.23,	473.59
351.38,	604.78,	598.56
475.92,	353.54,	349.58
477.96,	355.08,	474.56
480.01,	356.63,	599.53
474.09,	478.51,	348.07
476.13,	480.06,	473.04
478.18,	481.61,	598.02
472.26,	603.49,	346.55
474.3,	605.04,	471.53
476.34,	606.58,	596.5
600.89,	355.34,	347.52
602.93,	356.89,	472.49
604.98,	358.43,	597.47
599.06,	480.32,	346.0
601.1,	481.86,	470.98
603.15,	483.41,	595.95
597.23,	605.3,	344.49
599.27,	606.84,	469.46
601.31,	608.39,	594.44
351.25,	350.09,	473.29
353.48,	353.65,	598.22
355.7,	357.22,	723.15
351.08,	475.04,	469.73
353.31,	478.6,	594.66
355.53,	482.16,	719.59
350.92,	599.99,	466.17
353.14,	603.55,	591.1
355.37,	607.11,	716.03
476.23,	350.19,	471.06
478.46,	353.76,	595.99
480.68,	357.32,	720.92
476.06,	475.14,	467.5
478.29,	478.71,	592.43
480.51,	482.27,	717.36
475.9,	600.09,	463.94
478.12,	603.66,	588.87
480.35,	607.22,	713.8
601.21,	350.3,	468.83
603.44,	353.86,	593.76
605.66,	357.43,	718.69
601.04,	475.25,	465.27
603.27,	478.81,	590.2
605.49,	482.37,	715.13
600.88,	600.2,	461.71
603.1,	603.76,	586.64
605.33,	607.32,	711.57
349.82,	351.35,	600.68
346.93,	347.86,	725.59
344.04,	344.37,	850.51
349.3,	476.3,	604.15
346.4,	472.81,	729.07
343.51,	469.32,	853.99
348.77,	601.25,	607.63
345.88,	597.76,	732.55
342.99,	594.27,	857.46
474.79,	351.79,	603.58
471.9,	348.31,	728.5
469.0,	344.82,	853.42
474.26,	476.74,	607.06
471.37,	473.26,	731.98
468.48,	469.77,	856.89
473.74,	601.69,	610.53
470.84,	598.21,	735.45
467.95,	594.72,	860.37
599.76,	352.24,	606.49
596.86,	348.75,	731.41
593.97,	345.26,	856.33
599.23,	477.19,	609.97
596.34,	473.7,	734.88
593.44,	470.22,	859.8
598.7,	602.14,	613.44
595.81,	598.65,	738.36
592.92,	595.17,	863.28
351.12,	473.28,	100.45
354.73,	473.76,	225.39
358.33,	474.24,	350.34
347.4,	598.22,	100.07
351.0,	598.7,	225.02
354.61,	599.18,	349.97
343.67,	723.17,	99.7
347.28,	723.65,	224.65
350.89,	724.13,	349.6
476.01,	476.99,	96.83
479.62,	477.47,	221.77
483.23,	477.95,	346.72
472.29,	601.94,	96.45
475.9,	602.41,	221.4
479.5,	602.89,	346.35
468.56,	726.88,	96.08
472.17,	727.36,	221.03
475.78,	727.84,	345.98
600.9,	480.7,	93.2
604.51,	481.18,	218.15
608.12,	481.66,	343.1
597.18,	605.65,	92.83
600.79,	606.13,	217.78
604.4,	606.6,	342.73
593.46,	730.59,	92.46
597.06,	731.07,	217.41
600.67,	731.55,	342.36
348.36,	474.85,	226.07
348.71,	475.67,	351.06
349.05,	476.49,	476.06
349.83,	599.84,	225.24
350.17,	600.66,	350.24
350.51,	601.48,	475.23
351.29,	724.83,	224.42
351.64,	725.65,	349.41
351.98,	726.47,	474.41
473.35,	473.38,	225.73
473.7,	474.2,	350.73
474.04,	475.02,	475.73
474.82,	598.37,	224.91
475.16,	599.19,	349.9
475.51,	600.01,	474.9
476.28,	723.36,	224.08
476.63,	724.18,	349.08
476.97,	725.0,	474.08
598.34,	471.91,	225.4
598.69,	472.74,	350.4
599.03,	473.56,	475.39
599.81,	596.9,	224.57
600.15,	597.72,	349.57
600.5,	598.55,	474.57
601.28,	721.89,	223.75
601.62,	722.71,	348.75
601.96,	723.53,	473.74
349.06,	473.25,	349.54
349.63,	473.25,	474.53
350.21,	473.25,	599.53
351.12,	598.23,	349.52
351.69,	598.23,	474.52
352.26,	598.23,	599.52
353.18,	723.21,	349.51
353.75,	723.22,	474.51
354.32,	723.22,	599.51
474.04,	471.19,	348.96
474.61,	471.19,	473.96
475.19,	471.19,	598.96
476.1,	596.17,	348.95
476.67,	596.18,	473.95
477.25,	596.18,	598.95
478.16,	721.16,	348.94
478.73,	721.16,	473.94
479.3,	721.16,	598.94
599.02,	469.13,	348.39
599.6,	469.13,	473.39
600.17,	469.14,	598.39
601.08,	594.12,	348.38
601.65,	594.12,	473.38
602.23,	594.12,	598.37
603.14,	719.1,	348.37
603.71,	719.1,	473.37
604.29,	719.1,	598.36
350.28,	476.61,	473.61
346.58,	478.67,	598.53
342.88,	480.74,	723.46
347.16,	601.55,	471.45
343.46,	603.61,	596.37
339.76,	605.68,	721.3
344.04,	726.49,	469.29
340.34,	728.56,	594.22
336.64,	730.62,	719.14
475.19,	479.79,	477.25
471.49,	481.85,	602.18
467.78,	483.92,	727.11
472.07,	604.73,	475.1
468.36,	606.8,	600.02
464.66,	608.86,	724.95
468.95,	729.67,	472.94
465.24,	731.74,	597.87
461.54,	733.8,	722.79
600.09,	482.97,	480.9
596.39,	485.04,	605.83
592.69,	487.1,	730.76
596.97,	607.91,	478.75
593.27,	609.98,	603.67
589.57,	612.04,	728.6
593.85,	732.85,	476.59
590.15,	734.92,	601.52
586.45,	736.99,	726.44
351.05,	473.87,	598.69
354.09,	476.98,	723.61
357.13,	480.1,	848.54
350.08,	598.83,	595.6
353.12,	601.94,	720.52
356.16,	605.05,	845.45
349.1,	723.78,	592.51
352.15,	726.9,	717.43
355.19,	730.01,	842.35
476.01,	474.76,	595.62
479.05,	477.88,	720.55
482.09,	480.99,	845.47
475.04,	599.72,	592.53
478.08,	602.84,	717.46
481.12,	605.95,	842.38
474.06,	724.68,	589.44
477.1,	727.79,	714.37
480.15,	730.91,	839.29
600.97,	475.66,	592.56
604.01,	478.78,	717.48
607.05,	481.89,	842.41
600.0,	600.62,	589.47
603.04,	603.73,	714.39
606.08,	606.85,	839.32
599.02,	725.58,	586.38
602.06,	728.69,	711.3
605.11,	731.81,	836.23
350.6,	598.86,	100.12
348.27,	601.41,	225.07
345.94,	603.96,	350.02
348.79,	723.82,	97.53
346.46,	726.37,	222.48
344.13,	728.92,	347.43
346.97,	848.78,	94.94
344.64,	851.33,	219.89
342.31,	853.88,	344.85
475.57,	600.72,	102.41
473.24,	603.27,	227.36
470.91,	605.83,	352.31
473.75,	725.68,	99.82
471.42,	728.23,	224.77
469.09,	730.79,	349.73
471.94,	850.64,	97.23
469.61,	853.19,	222.19
467.28,	855.75,	347.14
600.53,	602.58,	104.7
598.2,	605.13,	229.65
595.87,	607.69,	354.61
598.72,	727.54,	102.11
596.39,	730.09,	227.07
594.06,	732.65,	352.02
596.9,	852.5,	99.53
594.57,	855.05,	224.48
592.24,	857.61,	349.43
350.49,	601.7,	223.71
351.07,	603.91,	348.69
351.64,	606.12,	473.67
353.33,	726.64,	221.48
353.9,	728.86,	346.46
354.47,	731.07,	471.44
356.16,	851.59,	219.26
356.73,	853.81,	344.24
357.31,	856.02,	469.22
475.46,	598.85,	223.19
476.03,	601.07,	348.17
476.61,	603.28,	473.15
478.29,	723.8,	220.96
478.87,	726.01,	345.94
479.44,	728.23,	470.92
481.13,	848.75,	218.73
481.7,	850.96,	343.71
482.27,	853.18,	468.69
600.42,	596.01,	222.66
601.0,	598.22,	347.64
601.57,	600.44,	472.62
603.26,	720.96,	220.44
603.83,	723.17,	345.42
604.41,	725.38,	470.4
606.09,	845.91,	218.21
606.67,	848.12,	343.19
607.24,	850.33,	468.17
349.89,	598.27,	349.84
349.04,	594.55,	474.78
348.18,	590.83,	599.72
347.42,	723.19,	353.54
346.57,	719.47,	478.48
345.71,	715.75,	603.42
344.95,	848.11,	357.24
344.1,	844.39,	482.18
343.24,	840.68,	607.13
474.86,	600.71,	350.77
474.01,	597.0,	475.71
473.15,	593.28,	600.65
472.4,	725.64,	354.47
471.54,	721.92,	479.41
470.68,	718.2,	604.35
469.93,	850.56,	358.17
469.07,	846.84,	483.11
468.21,	843.12,	608.06
599.84,	603.16,	351.7
598.98,	599.44,	476.64
598.12,	595.72,	601.58
597.37,	728.08,	355.4
596.51,	724.36,	480.34
595.65,	720.64,	605.28
594.9,	853.0,	359.1
594.04,	849.28,	484.04
593.18,	845.56,	608.99
350.04,	599.76,	474.22
349.56,	602.37,	599.19
349.07,	604.98,	724.16
346.77,	724.69,	471.6
346.29,	727.3,	596.57
345.81,	729.91,	721.54
343.51,	849.62,	468.98
343.03,	852.23,	593.95
342.54,	854.84,	718.92
475.0,	603.04,	474.63
474.51,	605.65,	599.61
474.03,	608.26,	724.58
471.73,	727.97,	472.01
471.25,	730.58,	596.99
470.76,	733.19,	721.96
468.47,	852.9,	469.39
467.98,	855.51,	594.36
467.5,	858.12,	719.34
599.95,	606.31,	475.05
599.47,	608.92,	600.02
598.98,	611.53,	724.99
596.69,	731.24,	472.43
596.2,	733.85,	597.4
595.72,	736.46,	722.37
593.42,	856.17,	469.81
592.94,	858.78,	594.78
592.46,	861.39,	719.75
351.72,	600.05,	599.14
354.91,	601.87,	724.09
358.11,	603.68,	849.03
351.05,	725.04,	597.34
354.24,	726.85,	722.29
357.43,	728.67,	847.23
350.37,	850.02,	595.54
353.56,	851.84,	720.49
356.76,	853.65,	845.43
476.68,	600.68,	595.94
479.87,	602.5,	720.89
483.06,	604.31,	845.83
476.0,	725.66,	594.14
479.2,	727.48,	719.09
482.39,	729.3,	844.03
475.33,	850.65,	592.34
478.52,	852.47,	717.29
481.71,	854.28,	842.23
601.64,	601.31,	592.74
604.83,	603.12,	717.69
608.02,	604.94,	842.63
600.96,	726.29,	590.94
604.15,	728.11,	715.88
607.35,	729.93,	840.83
600.29,	851.28,	589.14
603.48,	853.1,	714.08
606.67,	854.91,	839.03
475.63,	98.88,	99.37
472.96,	98.99,	224.34
470.29,	99.11,	349.31
478.19,	223.85,	99.31
475.52,	223.96,	224.28
472.85,	224.08,	349.25
480.75,	348.82,	99.25
478.08,	348.94,	224.22
475.41,	349.05,	349.19
600.58,	96.32,	102.04
597.91,	96.43,	227.01
595.24,	96.55,	351.98
603.14,	221.29,	101.98
600.47,	221.41,	226.95
597.8,	221.52,	351.92
605.69,	346.27,	101.92
603.02,	346.38,	226.89
600.35,	346.5,	351.86
725.52,	93.76,	104.71
722.85,	93.88,	229.68
720.18,	93.99,	354.66
728.08,	218.74,	104.65
725.41,	218.85,	229.62
722.74,	218.97,	354.6
730.64,	343.71,	104.59
727.97,	343.83,	229.56
725.3,	343.94,	354.54
476.46,	100.6,	226.54
477.83,	97.06,	351.48
479.2,	93.53,	476.43
477.95,	225.54,	230.06
479.32,	222.01,	355.0
480.69,	218.47,	479.94
479.45,	350.48,	233.58
480.82,	346.95,	358.52
482.19,	343.41,	483.46
601.44,	99.14,	225.13
602.81,	95.61,	350.07
604.18,	92.08,	475.02
602.94,	224.09,	228.65
604.31,	220.55,	353.59
605.68,	217.02,	478.53
604.43,	349.03,	232.16
605.8,	345.49,	357.11
607.17,	341.96,	482.05
726.43,	97.69,	223.72
727.8,	94.16,	348.66
729.17,	90.62,	473.6
727.92,	222.63,	227.24
729.29,	219.1,	352.18
730.66,	215.57,	477.12
729.41,	347.57,	230.75
730.78,	344.04,	355.7
732.15,	340.51,	480.64
475.38,	99.97,	348.25
473.37,	99.23,	473.23
471.36,	98.49,	598.22
477.17,	224.95,	349.02
475.16,	224.21,	474.0
473.15,	223.47,	598.98
478.96,	349.93,	349.79
476.95,	349.2,	474.77
474.94,	348.46,	599.75
600.35,	98.16,	350.25
598.34,	97.42,	475.23
596.33,	96.69,	600.21
602.14,	223.15,	351.02
600.13,	222.41,	476.0
598.12,	221.67,	600.98
603.93,	348.13,	351.79
601.92,	347.39,	476.77
599.91,	346.65,	601.75
725.32,	96.36,	352.25
723.31,	95.62,	477.23
721.3,	94.88,	602.21
727.11,	221.35,	353.02
725.1,	220.61,	478.0
723.09,	219.87,	602.98
728.9,	346.33,	353.78
726.89,	345.59,	478.77
724.88,	344.85,	603.75
474.24,	99.89,	476.33
474.58,	101.69,	601.32
474.91,	103.49,	726.3
473.14,	224.87,	474.53
473.48,	226.67,	599.52
473.82,	228.48,	724.5
472.04,	349.85,	472.73
472.38,	351.65,	597.72
472.72,	353.46,	722.7
599.24,	100.98,	475.98
599.57,	102.78,	600.97
599.91,	104.59,	725.95
598.14,	225.96,	474.18
598.47,	227.77,	599.16
598.81,	229.57,	724.15
597.04,	350.94,	472.38
597.38,	352.75,	597.36
597.71,	354.55,	722.35
724.23,	102.07,	475.63
724.57,	103.88,	600.61
724.9,	105.68,	725.6
723.13,	227.05,	473.83
723.47,	228.86,	598.81
723.8,	230.66,	723.8
722.03,	352.04,	472.03
722.37,	353.84,	597.01
722.71,	355.64,	722.0
474.57,	98.48,	598.8
477.35,	95.81,	723.74
480.12,	93.15,	848.68
475.27,	223.45,	601.45
478.05,	220.78,	726.39
480.83,	218.12,	851.33
475.98,	348.42,	604.1
478.75,	345.75,	729.04
481.53,	343.09,	853.98
599.54,	97.83,	596.01
602.31,	95.17,	720.95
605.09,	92.5,	845.89
600.24,	222.8,	598.66
603.02,	220.14,	723.6
605.79,	217.47,	848.54
600.94,	347.77,	601.31
603.72,	345.11,	726.25
606.5,	342.44,	851.19
724.5,	97.19,	593.21
727.28,	94.52,	718.15
730.06,	91.86,	843.1
725.21,	222.16,	595.87
727.98,	219.49,	720.81
730.76,	216.83,	845.75
725.91,	347.13,	598.52
728.69,	344.46,	723.46
731.46,	341.8,	848.4
473.95,	224.76,	99.4
474.69,	223.2,	224.39
475.44,	221.64,	349.38
477.26,	349.71,	100.94
478.01,	348.15,	225.93
478.75,	346.59,	350.92
480.58,	474.65,	102.48
481.32,	473.09,	227.47
482.07,	471.54,	352.46
598.9,	221.45,	98.62
599.64,	219.89,	223.61
600.39,	218.34,	348.59
602.22,	346.4,	100.16
602.96,	344.84,	225.14
603.71,	343.28,	350.13
605.53,	471.35,	101.7
606.28,	469.79,	226.68
607.02,	468.23,	351.67
723.85,	218.15,	97.83
724.6,	216.59,	222.82
725.34,	215.03,	347.81
727.17,	343.09,	99.37
727.92,	341.53,	224.36
728.66,	339.97,	349.35
730.49,	468.04,	100.91
731.23,	466.48,	225.9
731.98,	464.92,	350.89
476.22,	226.93,	225.09
476.11,	224.69,	350.07
475.99,	222.45,	475.05
478.64,	351.89,	227.33
478.53,	349.65,	352.31
478.41,	347.41,	477.29
481.07,	476.85,	229.57
480.95,	474.6,	354.55
480.84,	472.36,	479.53
601.2,	224.51,	225.16
601.08,	222.27,	350.14
600.97,	220.03,	475.12
603.62,	349.47,	227.4
603.51,	347.22,	352.38
603.39,	344.98,	477.36
606.04,	474.42,	229.65
605.93,	472.18,	354.62
605.81,	469.94,	479.6
726.18,	222.09,	225.23
726.06,	219.84,	350.21
725.95,	217.6,	475.19
728.6,	347.04,	227.47
728.48,	344.8,	352.45
728.37,	342.56,	477.43
731.02,	472.0,	229.72
730.9,	469.76,	354.7
730.79,	467.52,	479.68
473.35,	224.32,	350.97
475.18,	226.26,	475.95
477.0,	228.2,	600.92
472.4,	349.3,	349.05
474.22,	351.24,	474.02
476.04,	353.18,	598.99
471.44,	474.29,	347.12
473.26,	476.23,	472.09
475.08,	478.17,	597.06
598.34,	225.25,	349.14
600.16,	227.19,	474.11
601.98,	229.13,	599.08
597.38,	350.23,	347.21
599.2,	352.17,	472.18
601.02,	354.11,	597.15
596.42,	475.22,	345.28
598.24,	477.16,	470.26
600.07,	479.1,	595.23
723.32,	226.18,	347.3
725.14,	228.12,	472.27
726.97,	230.06,	597.24
722.36,	351.16,	345.37
724.18,	353.1,	470.34
726.01,	355.04,	595.32
721.4,	476.14,	343.45
723.23,	478.08,	468.42
725.05,	480.02,	593.39
473.37,	225.02,	473.18
472.21,	228.13,	598.14
471.04,	231.25,	723.09
471.9,	349.97,	470.05
470.73,	353.09,	595.01
469.57,	356.2,	719.96
470.43,	474.92,	466.92
469.26,	478.04,	591.88
468.1,	481.15,	716.83
598.36,	226.52,	474.31
597.19,	229.64,	599.26
596.03,	232.75,	724.22
596.88,	351.47,	471.18
595.72,	354.59,	596.13
594.56,	357.7,	721.09
595.41,	476.43,	468.05
594.25,	479.54,	593.01
593.08,	482.65,	717.96
723.34,	228.02,	475.43
722.18,	231.14,	600.39
721.01,	234.25,	725.35
721.87,	352.98,	472.31
720.71,	356.09,	597.26
719.54,	359.2,	722.22
720.4,	477.93,	469.18
719.23,	481.04,	594.13
718.07,	484.16,	719.09
476.47,	224.12,	600.22
477.96,	224.7,	725.21
479.46,	225.27,	850.2
474.85,	349.11,	599.67
476.35,	349.69,	724.66
477.85,	350.26,	849.65
473.24,	474.1,	599.12
474.74,	474.67,	724.11
476.24,	475.25,	849.1
601.45,	225.73,	598.72
602.94,	226.3,	723.71
604.44,	226.87,	848.7
599.83,	350.72,	598.17
601.33,	351.29,	723.15
602.83,	351.86,	848.14
598.22,	475.71,	597.61
599.72,	476.28,	722.6
601.22,	476.85,	847.59
726.43,	227.33,	597.21
727.92,	227.91,	722.2
729.42,	228.48,	847.19
724.82,	352.32,	596.66
726.31,	352.89,	721.65
727.81,	353.47,	846.64
723.2,	477.31,	596.11
724.7,	477.88,	721.1
726.2,	478.46,	846.09
476.84,	351.16,	98.14
479.01,	347.8,	223.07
481.18,	344.43,	348.01
475.59,	476.11,	101.52
477.76,	472.74,	226.46
479.93,	469.38,	351.39
474.34,	601.05,	104.91
476.51,	597.69,	229.84
478.68,	594.33,	354.78
601.81,	352.47,	96.0
603.98,	349.1,	220.94
606.15,	345.74,	345.87
600.56,	477.42,	99.39
602.73,	474.05,	224.32
604.9,	470.69,	349.26
599.31,	602.36,	102.77
601.48,	599.0,	227.71
603.65,	595.64,	352.65
726.79,	353.78,	93.87
728.96,	350.41,	218.8
731.13,	347.05,	343.74
725.54,	478.72,	97.25
727.71,	475.36,	222.19
729.88,	472.0,	347.12
724.29,	603.67,	100.64
726.46,	600.31,	225.57
728.63,	596.95,	350.51
473.36,	351.49,	223.18
472.72,	348.89,	348.16
472.07,	346.29,	473.13
471.53,	476.45,	225.77
470.89,	473.85,	350.74
470.24,	471.25,	475.72
469.7,	601.41,	228.36
469.06,	598.81,	353.33
468.41,	596.21,	478.31
598.35,	353.3,	223.87
597.7,	350.7,	348.84
597.05,	348.11,	473.81
596.52,	478.26,	226.46
595.87,	475.66,	351.43
595.22,	473.06,	476.4
594.69,	603.22,	229.05
594.04,	600.62,	354.02
593.39,	598.02,	478.99
723.33,	355.12,	224.55
722.69,	352.52,	349.52
722.04,	349.92,	474.5
721.5,	480.08,	227.14
720.86,	477.48,	352.11
720.21,	474.88,	477.09
719.67,	605.04,	229.73
719.03,	602.44,	354.7
718.38,	599.84,	479.67
474.2,	351.87,	348.16
474.94,	352.31,	473.16
475.68,	352.75,	598.15
474.71,	476.87,	347.72
475.45,	477.3,	472.71
476.19,	477.74,	597.71
475.22,	601.86,	347.27
475.96,	602.3,	472.27
476.7,	602.74,	597.27
599.2,	351.36,	347.42
599.94,	351.8,	472.42
600.68,	352.23,	597.42
599.71,	476.35,	346.98
600.45,	476.79,	471.98
601.19,	477.23,	596.97
600.22,	601.35,	346.54
600.96,	601.79,	471.53
601.7,	602.23,	596.53
724.2,	350.84,	346.68
724.94,	351.28,	471.68
725.68,	351.72,	596.68
724.71,	475.84,	346.24
725.45,	476.28,	471.24
726.19,	476.72,	596.23
725.22,	600.84,	345.8
725.95,	601.28,	470.8
726.69,	601.72,	595.79
476.53,	351.31,	473.0
475.83,	348.72,	597.98
475.13,	346.14,	722.95
477.84,	476.28,	475.6
477.14,	473.69,	600.57
476.44,	471.1,	725.54
479.15,	601.24,	478.2
478.45,	598.66,	603.17
477.75,	596.07,	728.14
601.53,	349.99,	473.68
600.82,	347.4,	598.65
600.12,	344.81,	723.62
602.84,	474.95,	476.27
602.13,	472.37,	601.25
601.43,	469.78,	726.22
604.15,	599.92,	478.87
603.44,	597.33,	603.84
602.74,	594.74,	728.81
726.52,	348.66,	474.35
725.82,	346.08,	599.32
725.12,	343.49,	724.29
727.83,	473.63,	476.95
727.13,	471.04,	601.92
726.43,	468.45,	726.89
729.14,	598.6,	479.54
728.44,	596.01,	604.51
727.74,	593.42,	729.49
473.43,	350.57,	599.77
476.18,	352.8,	724.72
478.93,	355.02,	849.67
475.17,	475.54,	597.51
477.92,	477.77,	722.46
480.67,	479.99,	847.41
476.91,	600.51,	595.24
479.66,	602.73,	720.19
482.41,	604.96,	845.14
598.39,	348.79,	597.05
601.14,	351.01,	722.0
603.89,	353.23,	846.95
600.13,	473.75,	594.79
602.88,	475.98,	719.74
605.63,	478.2,	844.69
601.87,	598.72,	592.53
604.62,	600.94,	717.48
607.37,	603.17,	842.43
723.35,	347.0,	594.33
726.1,	349.22,	719.28
728.85,	351.45,	844.23
725.09,	471.96,	592.07
727.84,	474.19,	717.02
730.59,	476.41,	841.97
726.83,	596.93,	589.81
729.58,	599.16,	714.76
732.33,	601.38,	839.71
476.72,	474.61,	100.56
473.53,	474.8,	225.52
470.33,	474.99,	350.48
476.67,	599.61,	100.36
473.48,	599.8,	225.32
470.29,	599.99,	350.28
476.63,	724.61,	100.17
473.43,	724.8,	225.13
470.24,	724.99,	350.09
601.68,	474.66,	103.75
598.49,	474.85,	228.71
595.29,	475.04,	353.67
601.63,	599.66,	103.56
598.44,	599.85,	228.52
595.25,	600.04,	353.48
601.59,	724.66,	103.36
598.39,	724.85,	228.32
595.2,	725.04,	353.28
726.64,	474.71,	106.94
723.45,	474.9,	231.9
720.25,	475.1,	356.86
726.59,	599.71,	106.75
723.4,	599.9,	231.71
720.21,	600.1,	356.67
726.54,	724.71,	106.56
723.35,	724.9,	231.52
720.16,	725.09,	356.48
475.32,	473.05,	225.34
472.54,	472.19,	350.31
469.76,	471.32,	475.27
473.8,	598.04,	226.17
471.02,	597.17,	351.14
468.24,	596.31,	476.1
472.28,	723.02,	227.0
469.5,	722.16,	351.96
466.72,	721.3,	476.93
600.28,	474.55,	228.13
597.5,	473.69,	353.1
594.72,	472.82,	478.06
598.76,	599.54,	228.96
595.98,	598.67,	353.93
593.2,	597.81,	478.89
597.24,	724.52,	229.79
594.46,	723.66,	354.75
591.68,	722.8,	479.72
725.24,	476.05,	230.92
722.46,	475.18,	355.89
719.68,	474.32,	480.85
723.72,	601.03,	231.75
720.94,	600.17,	356.72
718.16,	599.31,	481.68
722.2,	726.02,	232.58
719.42,	725.16,	357.55
716.64,	724.3,	482.51
476.76,	473.03,	350.03
474.01,	475.08,	474.98
471.26,	477.14,	599.94
477.59,	598.01,	347.99
474.84,	600.06,	472.94
472.1,	602.12,	597.9
478.42,	722.99,	345.95
475.68,	725.04,	470.91
472.93,	727.1,	595.86
601.73,	472.24,	352.79
598.98,	474.29,	477.74
596.23,	476.35,	602.7
602.56,	597.22,	350.75
599.81,	599.27,	475.71
597.06,	601.33,	600.66
603.39,	722.2,	348.71
600.64,	724.25,	473.67
597.9,	726.31,	598.62
726.69,	471.45,	355.55
723.95,	473.51,	480.5
721.2,	475.56,	605.46
727.53,	596.43,	353.51
724.78,	598.49,	478.47
722.03,	600.54,	603.42
728.36,	721.41,	351.47
725.61,	723.47,	476.43
722.86,	725.52,	601.38
473.68,	475.53,	476.41
475.26,	477.49,	601.38
476.83,	479.45,	726.36
475.22,	600.5,	474.42
476.8,	602.46,	599.4
478.37,	604.43,	724.37
476.76,	725.48,	472.44
478.34,	727.44,	597.42
479.91,	729.4,	722.39
598.66,	473.96,	474.86
600.24,	475.93,	599.83
601.82,	477.89,	724.8
600.2,	598.94,	472.87
601.78,	600.9,	597.85
603.36,	602.86,	722.82
601.74,	723.91,	470.89
603.32,	725.88,	595.86
604.9,	727.84,	720.84
723.64,	472.4,	473.3
725.22,	474.36,	598.28
726.8,	476.32,	723.25
725.18,	597.37,	471.32
726.76,	599.34,	596.3
728.34,	601.3,	721.27
726.72,	722.35,	469.34
728.3,	724.31,	594.31
729.88,	726.27,	719.29
476.97,	473.81,	600.49
473.98,	474.2,	725.46
471.0,	474.59,	850.42
480.15,	598.77,	600.18
477.17,	599.16,	725.15
474.18,	599.55,	850.11
483.34,	723.73,	599.87
480.35,	724.12,	724.83
477.36,	724.51,	849.8
601.89,	470.64,	603.49
598.91,	471.03,	728.45
595.92,	471.42,	853.42
605.08,	595.6,	603.18
602.09,	595.99,	728.14
599.1,	596.38,	853.1
608.26,	720.56,	602.86
605.27,	720.95,	727.83
602.29,	721.34,	852.79
726.82,	467.46,	606.49
723.83,	467.85,	731.45
720.84,	468.24,	856.41
730.0,	592.42,	606.17
727.01,	592.81,	731.14
724.03,	593.2,	856.1
733.18,	717.38,	605.86
730.2,	717.77,	730.82
727.21,	718.16,	855.79
476.84,	599.02,	101.09
476.11,	602.67,	226.03
475.38,	606.32,	350.98
480.03,	723.93,	97.46
479.3,	727.58,	222.41
478.57,	731.22,	347.35
483.22,	848.84,	93.83
482.49,	852.48,	218.78
481.76,	856.13,	343.72
601.8,	595.86,	101.91
601.07,	599.5,	226.86
600.34,	603.15,	351.8
604.99,	720.76,	98.28
604.26,	724.41,	223.23
603.53,	728.06,	348.17
608.17,	845.67,	94.66
607.44,	849.32,	219.6
606.71,	852.96,	344.55
726.76,	592.69,	102.73
726.03,	596.34,	227.68
725.3,	599.99,	352.62
729.94,	717.6,	99.11
729.21,	721.25,	224.05
728.48,	724.89,	349.0
733.13,	842.51,	95.48
732.4,	846.15,	220.42
731.67,	849.8,	345.37
475.85,	598.91,	226.59
476.48,	597.76,	351.58
477.11,	596.62,	476.57
477.8,	723.89,	227.73
478.44,	722.74,	352.72
479.07,	721.59,	477.71
479.76,	848.87,	228.86
480.39,	847.72,	353.86
481.03,	846.57,	478.85
600.83,	596.96,	225.94
601.46,	595.81,	350.93
602.09,	594.66,	475.92
602.79,	721.94,	227.07
603.42,	720.79,	352.07
604.05,	719.64,	477.06
604.74,	846.92,	228.21
605.38,	845.77,	353.2
606.01,	844.62,	478.2
725.81,	595.01,	225.29
726.44,	593.86,	350.28
727.08,	592.71,	475.27
727.77,	719.99,	226.42
728.4,	718.84,	351.42
729.03,	717.69,	476.41
729.73,	844.97,	227.56
730.36,	843.82,	352.55
730.99,	842.67,	477.55
476.9,	599.74,	351.2
476.73,	600.06,	476.2
476.55,	600.38,	601.2
480.1,	724.7,	350.89
479.92,	725.02,	475.89
479.74,	725.34,	600.89
483.29,	849.66,	350.57
483.12,	849.98,	475.57
482.94,	850.3,	600.57
601.86,	596.55,	351.39
601.69,	596.87,	476.39
601.51,	597.19,	601.39
605.06,	721.5,	351.07
604.88,	721.82,	476.07
604.7,	722.14,	601.07
608.25,	846.46,	350.76
608.07,	846.78,	475.76
607.9,	847.1,	600.76
726.82,	593.35,	351.57
726.65,	593.67,	476.57
726.47,	593.99,	601.57
730.02,	718.31,	351.26
729.84,	718.63,	476.26
729.66,	718.95,	601.26
733.21,	843.27,	350.94
733.03,	843.59,	475.94
732.86,	843.91,	600.94
474.04,	598.44,	476.51
473.28,	599.19,	601.5
472.53,	599.93,	726.5
477.33,	723.4,	475.78
476.58,	724.14,	600.78
475.82,	724.89,	725.77
480.63,	848.35,	475.05
479.87,	849.1,	600.05
479.12,	849.84,	725.05
598.99,	595.15,	477.28
598.24,	595.9,	602.28
597.48,	596.64,	727.27
602.29,	720.11,	476.56
601.53,	720.85,	601.55
600.78,	721.6,	726.55
605.58,	845.06,	475.83
604.83,	845.81,	600.83
604.07,	846.55,	725.82
723.95,	591.86,	478.06
723.19,	592.61,	603.05
722.44,	593.35,	728.05
727.24,	716.82,	477.33
726.49,	717.56,	602.33
725.73,	718.31,	727.32
730.54,	841.77,	476.61
729.78,	842.52,	601.6
729.03,	843.26,	726.6
474.71,	598.44,	598.31
473.72,	597.78,	723.3
472.73,	597.12,	848.29
476.53,	723.42,	598.98
475.54,	722.77,	723.97
474.55,	722.11,	848.97
478.34,	848.41,	599.65
477.35,	847.75,	724.65
476.37,	847.09,	849.64
599.69,	596.62,	599.29
598.7,	595.96,	724.28
597.71,	595.3,	849.27
601.51,	721.6,	599.96
600.52,	720.94,	724.95
599.53,	720.28,	849.95
603.33,	846.59,	600.63
602.34,	845.93,	725.63
601.35,	845.27,	850.62
724.67,	594.79,	600.27
723.68,	594.13,	725.26
722.69,	593.47,	850.25
726.49,	719.78,	600.94
725.5,	719.12,	725.93
724.51,	718.46,	850.93
728.31,	844.76,	601.61
727.32,	844.1,	726.61
726.33,	843.44,	851.6
599.99,	100.01,	98.46
602.63,	96.91,	223.39
605.27,	93.82,	348.32
602.97,	224.93,	101.49
605.61,	221.84,	226.42
608.24,	218.75,	351.35
605.94,	349.86,	104.52
608.58,	346.77,	229.45
611.22,	343.68,	354.38
724.93,	97.1,	95.75
727.57,	94.01,	220.68
730.21,	90.91,	345.61
727.9,	222.03,	98.78
730.54,	218.93,	223.71
733.18,	215.84,	348.64
730.88,	346.95,	101.81
733.52,	343.86,	226.74
736.16,	340.77,	351.67
849.87,	94.19,	93.04
852.51,	91.1,	217.97
855.14,	88.0,	342.9
852.84,	219.12,	96.07
855.48,	216.02,	221.0
858.12,	212.93,	345.93
855.82,	344.04,	99.09
858.45,	340.95,	224.03
861.09,	337.86,	348.96
598.34,	100.09,	225.8
599.9,	100.83,	350.78
601.46,	101.58,	475.77
594.7,	225.04,	225.1
596.26,	225.78,	350.09
597.82,	226.52,	475.08
591.07,	349.98,	224.41
592.63,	350.72,	349.39
594.19,	351.47,	474.38
723.27,	103.72,	224.22
724.83,	104.46,	349.2
726.39,	105.2,	474.19
719.64,	228.66,	223.52
721.2,	229.4,	348.51
722.76,	230.14,	473.5
716.01,	353.61,	222.83
717.57,	354.35,	347.81
719.13,	355.09,	472.8
848.21,	107.34,	222.63
849.77,	108.08,	347.62
851.33,	108.82,	472.61
844.58,	232.29,	221.94
846.14,	233.03,	346.93
847.7,	233.77,	471.92
840.95,	357.23,	221.24
842.51,	357.97,	346.23
844.07,	358.71,	471.22
600.4,	101.16,	351.17
598.72,	104.66,	476.11
597.04,	108.16,	601.05
597.36,	226.08,	347.63
595.68,	229.57,	472.57
594.0,	233.07,	597.51
594.31,	350.99,	344.09
592.63,	354.49,	469.03
590.95,	357.98,	593.97
725.35,	104.26,	352.76
723.67,	107.75,	477.7
721.99,	111.25,	602.64
722.31,	229.17,	349.22
720.63,	232.67,	474.16
718.95,	236.16,	599.1
719.26,	354.08,	345.69
717.58,	357.58,	470.63
715.9,	361.07,	595.57
850.31,	107.35,	354.36
848.63,	110.84,	479.3
846.94,	114.34,	604.24
847.26,	232.26,	350.82
845.58,	235.76,	475.76
843.9,	239.25,	600.7
844.22,	357.17,	347.28
842.53,	360.67,	472.22
840.85,	364.17,	597.16
598.88,	99.57,	473.33
602.6,	98.28,	598.27
606.32,	96.99,	723.2
601.58,	224.54,	474.54
605.3,	223.24,	599.48
609.02,	221.95,	724.42
604.28,	349.5,	475.75
608.0,	348.21,	600.69
611.72,	346.92,	725.63
723.79,	96.91,	469.58
727.51,	95.62,	594.52
731.24,	94.32,	719.45
726.49,	221.87,	470.79
730.22,	220.58,	595.73
733.94,	219.29,	720.67
729.19,	346.84,	472.0
732.92,	345.55,	596.94
736.64,	344.25,	721.88
848.71,	94.25,	465.83
852.43,	92.95,	590.77
856.15,	91.66,	715.7
851.41,	219.21,	467.04
855.13,	217.92,	591.98
858.85,	216.63,	716.92
854.11,	344.18,	468.25
857.83,	342.88,	593.19
861.55,	341.59,	718.13
599.66,	101.39,	601.29
597.29,	103.14,	726.26
594.92,	104.9,	851.22
596.67,	226.34,	599.48
594.3,	228.1,	724.44
591.93,	229.85,	849.41
593.68,	351.29,	597.67
591.31,	353.05,	722.63
588.94,	354.8,	847.6
724.6,	104.41,	603.62
722.23,	106.17,	728.58
719.86,	107.92,	853.55
721.61,	229.36,	601.81
719.24,	231.12,	726.77
716.87,	232.88,	851.74
718.62,	354.32,	600.0
716.25,	356.07,	724.96
713.88,	357.83,	849.93
849.54,	107.44,	605.95
847.17,	109.19,	730.91
844.8,	110.95,	855.88
846.55,	232.39,	604.14
844.18,	234.15,	729.1
841.81,	235.9,	854.07
843.56,	357.34,	602.32
841.19,	359.1,	727.29
838.82,	360.85,	852.25
600.28,	223.58,	99.68
600.52,	227.03,	224.63
600.77,	230.47,	349.58
600.34,	348.54,	96.24
600.59,	351.98,	221.19
600.83,	355.42,	346.14
600.41,	473.49,	92.79
600.65,	476.93,	217.74
600.9,	480.38,	342.7
725.28,	223.51,	99.44
725.52,	226.95,	224.39
725.77,	230.4,	349.34
725.34,	348.46,	95.99
725.59,	351.91,	220.95
725.83,	355.35,	345.9
725.41,	473.42,	92.55
725.65,	476.86,	217.5
725.9,	480.3,	342.45
850.28,	223.44,	99.19
850.52,	226.88,	224.15
850.77,	230.33,	349.1
850.34,	348.39,	95.75
850.59,	351.83,	220.7
850.83,	355.28,	345.66
850.41,	473.34,	92.31
850.65,	476.79,	217.26
850.9,	480.23,	342.21
600.3,	226.43,	226.49
598.32,	230.05,	351.43
596.33,	233.66,	476.36
601.16,	351.38,	222.89
599.18,	354.99,	347.82
597.19,	358.61,	472.76
602.02,	476.32,	219.29
600.04,	479.94,	344.22
598.06,	483.55,	469.15
725.28,	225.63,	228.5
723.3,	229.24,	353.43
721.31,	232.86,	478.36
726.14,	350.57,	224.9
724.16,	354.19,	349.83
722.18,	357.8,	474.76
727.0,	475.52,	221.3
725.02,	479.13,	346.23
723.04,	482.75,	471.16
850.26,	224.82,	230.51
848.28,	228.44,	355.44
846.3,	232.05,	480.37
851.12,	349.77,	226.91
849.14,	353.38,	351.84
847.16,	357.0,	476.77
851.99,	474.71,	223.31
850.0,	478.33,	348.24
848.02,	481.94,	473.17
600.22,	223.45,	348.17
603.03,	225.49,	473.12
605.84,	227.54,	598.07
603.66,	348.39,	346.05
606.47,	350.43,	471.0
609.28,	352.47,	595.95
607.1,	473.32,	343.93
609.9,	475.36,	468.88
612.71,	477.41,	593.83
725.14,	219.97,	345.42
727.95,	222.01,	470.37
730.76,	224.06,	595.32
728.58,	344.9,	343.3
731.39,	346.95,	468.25
734.2,	348.99,	593.2
732.02,	469.84,	341.18
734.82,	471.88,	466.13
737.63,	473.93,	591.08
850.06,	216.48,	342.67
852.87,	218.53,	467.62
855.68,	220.57,	592.57
853.5,	341.42,	340.55
856.31,	343.46,	465.5
859.12,	345.51,	590.45
856.94,	466.35,	338.42
859.75,	468.4,	463.38
862.55,	470.44,	588.33
601.2,	226.3,	475.73
598.86,	223.29,	600.67
596.51,	220.28,	725.62
600.9,	351.26,	478.74
598.55,	348.25,	603.68
596.2,	345.24,	728.62
600.59,	476.23,	481.74
598.24,	473.22,	606.69
595.89,	470.21,	731.63
726.18,	226.55,	478.09
723.83,	223.54,	603.03
721.49,	220.53,	727.97
725.87,	351.51,	481.09
723.53,	348.5,	606.03
721.18,	345.49,	730.98
725.57,	476.48,	484.1
723.22,	473.47,	609.04
720.87,	470.46,	733.98
851.16,	226.8,	480.44
848.81,	223.79,	605.38
846.46,	220.78,	730.33
850.85,	351.76,	483.45
848.5,	348.75,	608.39
846.16,	345.74,	733.33
850.54,	476.73,	486.45
848.2,	473.72,	611.39
845.85,	470.71,	736.34
599.37,	225.65,	599.95
599.19,	227.62,	724.93
599.01,	229.59,	849.92
602.68,	350.59,	597.98
602.5,	352.56,	722.97
602.32,	354.53,	847.95
605.98,	475.53,	596.02
605.8,	477.5,	721.0
605.63,	479.47,	845.98
724.33,	222.34,	600.18
724.15,	224.31,	725.16
723.97,	226.29,	850.15
727.63,	347.28,	598.21
727.45,	349.26,	723.2
727.28,	351.23,	848.18
730.94,	472.22,	596.25
730.76,	474.2,	721.23
730.58,	476.17,	846.21
849.28,	219.04,	600.41
849.1,	221.01,	725.39
848.93,	222.98,	850.38
852.59,	343.98,	598.44
852.41,	345.95,	723.43
852.23,	347.92,	848.41
855.89,	468.92,	596.47
855.72,	470.89,	721.46
855.54,	472.86,	846.44
600.26,	350.94,	100.04
599.97,	350.0,	225.04
599.68,	349.06,	350.03
602.47,	475.92,	100.99
602.17,	474.98,	225.98
601.88,	474.04,	350.98
604.67,	600.9,	101.93
604.38,	599.96,	226.93
604.08,	599.02,	351.93
725.24,	348.74,	100.32
724.95,	347.8,	225.31
724.66,	346.86,	350.31
727.45,	473.72,	101.26
727.15,	472.77,	226.26
726.86,	471.83,	351.26
729.65,	598.69,	102.21
729.36,	597.75,	227.21
729.06,	596.81,	352.2
850.22,	346.53,	100.59
849.93,	345.59,	225.59
849.64,	344.65,	350.59
852.43,	471.51,	101.54
852.13,	470.57,	226.54
851.84,	469.63,	351.53
854.63,	596.49,	102.49
854.34,	595.55,	227.48
854.04,	594.61,	352.48
600.21,	350.0,	224.92
597.54,	348.66,	349.89
594.87,	347.31,	474.85
599.73,	474.99,	226.26
597.07,	473.65,	351.23
594.4,	472.3,	476.19
599.26,	599.99,	227.6
596.59,	598.64,	352.56
593.92,	597.29,	477.53
725.18,	350.45,	227.6
722.51,	349.1,	352.56
719.84,	347.76,	477.53
724.71,	475.44,	228.94
722.04,	474.1,	353.9
719.37,	472.75,	478.86
724.23,	600.43,	230.27
721.56,	599.09,	355.24
718.89,	597.74,	480.2
850.15,	350.9,	230.27
847.48,	349.55,	355.24
844.81,	348.21,	480.2
849.68,	475.89,	231.61
847.01,	474.54,	356.57
844.34,	473.2,	481.54
849.2,	600.88,	232.95
846.53,	599.54,	357.91
843.86,	598.19,	482.87
601.72,	348.42,	349.22
598.96,	349.98,	474.18
596.2,	351.54,	599.14
604.13,	473.39,	347.72
601.37,	474.95,	472.68
598.61,	476.5,	597.64
606.54,	598.36,	346.22
603.78,	599.92,	471.18
601.02,	601.47,	596.14
726.67,	346.05,	352.01
723.91,	347.6,	476.97
721.15,	349.16,	601.93
729.08,	471.02,	350.51
726.32,	472.57,	475.47
723.56,	474.13,	600.43
731.49,	595.98,	349.01
728.73,	597.54,	473.97
725.97,	599.09,	598.93
851.61,	343.67,	354.8
848.85,	345.23,	479.76
846.09,	346.78,	604.72
854.02,	468.64,	353.3
851.26,	470.19,	478.26
848.5,	471.75,	603.22
856.43,	593.61,	351.8
853.67,	595.16,	476.76
850.91,	596.72,	601.72
598.95,	350.93,	473.6
596.3,	349.85,	598.57
593.65,	348.76,	723.54
598.98,	475.93,	474.69
596.34,	474.84,	599.66
593.69,	473.76,	724.62
599.02,	600.92,	475.77
596.37,	599.84,	600.74
593.72,	598.76,	725.71
723.92,	350.87,	476.25
721.27,	349.79,	601.22
718.62,	348.71,	726.19
723.96,	475.87,	477.34
721.31,	474.78,	602.3
718.66,	473.7,	727.27
723.99,	600.86,	478.42
721.34,	599.78,	603.39
718.7,	598.7,	728.36
848.89,	350.81,	478.9
846.24,	349.73,	603.87
843.6,	348.65,	728.83
848.93,	475.81,	479.98
846.28,	474.72,	604.95
843.63,	473.64,	729.92
848.97,	600.8,	481.07
846.32,	599.72,	606.04
843.67,	598.64,	731.0
601.14,	351.86,	599.92
598.27,	351.91,	724.89
595.39,	351.97,	849.85
603.31,	476.84,	599.91
600.44,	476.9,	724.88
597.57,	476.95,	849.85
605.49,	601.82,	599.9
602.61,	601.88,	724.87
599.74,	601.93,	849.84
726.09,	349.68,	602.79
723.21,	349.74,	727.76
720.34,	349.8,	852.73
728.26,	474.67,	602.78
725.39,	474.72,	727.75
722.52,	474.78,	852.72
730.43,	599.65,	602.78
727.56,	599.7,	727.74
724.69,	599.76,	852.71
851.04,	347.51,	605.67
848.16,	347.57,	730.63
845.29,	347.63,	855.6
853.21,	472.49,	605.66
850.34,	472.55,	730.63
847.46,	472.61,	855.59
855.38,	597.47,	605.65
852.51,	597.53,	730.62
849.64,	597.59,	855.58
601.17,	473.87,	101.35
604.76,	474.95,	226.3
608.36,	476.03,	351.24
604.64,	598.82,	100.17
608.23,	599.9,	225.12
611.82,	600.98,	350.06
608.1,	723.76,	98.99
611.69,	724.84,	223.94
615.29,	725.92,	348.88
726.07,	470.37,	97.79
729.67,	471.45,	222.73
733.26,	472.53,	347.68
729.54,	595.32,	96.61
733.13,	596.4,	221.55
736.72,	597.48,	346.5
733.0,	720.27,	95.43
736.59,	721.35,	220.37
740.19,	722.43,	345.32
850.97,	466.88,	94.23
854.57,	467.96,	219.17
858.16,	469.04,	344.12
854.44,	591.82,	93.05
858.03,	592.9,	217.99
861.62,	593.98,	342.94
857.9,	716.77,	91.87
861.49,	717.85,	216.81
865.09,	718.93,	341.76
600.01,	476.97,	224.37
603.25,	479.99,	349.3
606.49,	483.01,	474.22
599.51,	601.93,	221.37
602.75,	604.95,	346.29
605.99,	607.97,	471.21
599.01,	726.89,	218.36
602.25,	729.91,	343.28
605.49,	732.93,	468.2
724.97,	477.39,	221.12
728.21,	480.41,	346.05
731.45,	483.43,	470.97
724.47,	602.36,	218.12
727.71,	605.37,	343.04
730.95,	608.39,	467.96
723.97,	727.32,	215.11
727.21,	730.34,	340.03
730.45,	733.35,	464.95
849.93,	477.82,	217.87
853.17,	480.83,	342.79
856.41,	483.85,	467.72
849.43,	602.78,	214.87
852.67,	605.8,	339.79
855.9,	608.82,	464.71
848.92,	727.74,	211.86
852.16,	730.76,	336.78
855.4,	733.78,	461.7
599.55,	476.88,	348.27
601.81,	476.59,	473.24
604.07,	476.31,	598.22
596.07,	601.84,	348.62
598.33,	601.55,	473.6
600.59,	601.26,	598.58
592.59,	726.79,	348.97
594.85,	726.5,	473.95
597.11,	726.21,	598.93
724.48,	480.37,	346.02
726.74,	480.08,	471.0
729.0,	479.79,	595.98
721.0,	605.32,	346.37
723.26,	605.03,	471.35
725.52,	604.74,	596.33
717.53,	730.27,	346.72
719.78,	729.98,	471.7
722.04,	729.69,	596.68
849.42,	483.85,	343.77
851.67,	483.56,	468.75
853.93,	483.28,	593.73
845.94,	608.81,	344.12
848.19,	608.52,	469.1
850.45,	608.23,	594.08
842.46,	733.76,	344.47
844.71,	733.47,	469.45
846.97,	733.18,	594.43
601.51,	474.39,	476.74
599.64,	475.4,	601.72
597.76,	476.41,	726.7
605.21,	599.33,	475.79
603.34,	600.34,	600.77
601.46,	601.35,	725.75
608.92,	724.27,	474.83
607.04,	725.28,	599.81
605.17,	726.29,	724.79
726.44,	470.7,	478.65
724.57,	471.71,	603.63
722.69,	472.72,	728.61
730.14,	595.64,	477.69
728.27,	596.65,	602.67
726.39,	597.66,	727.65
733.85,	720.58,	476.74
731.97,	721.59,	601.72
730.1,	722.61,	726.7
851.37,	467.01,	480.55
849.5,	468.02,	605.53
847.62,	469.03,	730.51
855.08,	591.95,	479.6
853.2,	592.96,	604.58
851.32,	593.98,	729.56
858.78,	716.9,	478.64
856.9,	717.91,	603.62
855.03,	718.92,	728.6
600.93,	474.98,	601.99
604.69,	473.07,	726.92
608.44,	471.15,	851.84
598.38,	599.94,	603.98
602.14,	598.02,	728.91
605.89,	596.11,	853.84
595.83,	724.9,	605.97
599.59,	722.98,	730.9
603.34,	721.07,	855.83
725.85,	477.59,	598.27
729.61,	475.68,	723.2
733.36,	473.76,	848.13
723.3,	602.55,	600.27
727.06,	600.63,	725.2
730.81,	598.72,	850.12
720.75,	727.51,	602.26
724.51,	725.59,	727.19
728.26,	723.67,	852.12
850.77,	480.2,	594.56
854.52,	478.28,	719.49
858.28,	476.37,	844.42
848.22,	605.16,	596.55
851.97,	603.24,	721.48
855.73,	601.33,	846.41
845.67,	730.12,	598.55
849.42,	728.2,	723.48
853.18,	726.28,	848.4
598.69,	598.43,	99.2
596.94,	595.08,	224.14
595.19,	591.72,	349.09
601.03,	723.37,	102.59
599.28,	720.01,	227.53
597.53,	716.66,	352.47
603.37,	848.3,	105.97
601.62,	844.94,	230.92
599.87,	841.59,	355.86
723.66,	596.04,	100.89
721.9,	592.69,	225.83
720.15,	589.34,	350.77
726.0,	720.98,	104.28
724.25,	717.62,	229.22
722.49,	714.27,	354.16
728.34,	845.91,	107.66
726.59,	842.55,	232.6
724.84,	839.2,	357.55
848.62,	593.66,	102.58
846.87,	590.3,	227.52
845.12,	586.95,	352.46
850.96,	718.59,	105.96
849.21,	715.23,	230.91
847.46,	711.88,	355.85
853.3,	843.52,	109.35
851.55,	840.17,	234.29
849.8,	836.81,	359.24
601.18,	601.28,	225.91
597.5,	598.15,	350.81
593.81,	595.01,	475.72
600.02,	726.24,	229.01
596.33,	723.1,	353.91
592.64,	719.97,	478.82
598.85,	851.19,	232.11
595.16,	848.06,	357.01
591.48,	844.92,	481.92
726.12,	602.36,	229.62
722.44,	599.22,	354.53
718.75,	596.09,	479.43
724.96,	727.31,	232.72
721.27,	724.18,	357.63
717.58,	721.04,	482.53
723.79,	852.27,	235.82
720.1,	849.13,	360.73
716.42,	846.0,	485.64
851.06,	603.43,	233.34
847.38,	600.29,	358.24
843.69,	597.16,	483.15
849.9,	728.39,	236.44
846.21,	725.25,	361.34
842.52,	722.12,	486.25
848.73,	853.34,	239.54
845.04,	850.21,	364.44
841.36,	847.07,	489.35
599.02,	598.2,	350.54
600.84,	596.43,	475.52
602.66,	594.67,	600.49
595.46,	723.13,	352.36
597.28,	721.37,	477.33
599.1,	719.61,	602.31
591.9,	848.07,	354.18
593.73,	846.31,	479.15
595.55,	844.54,	604.12
723.95,	601.78,	348.77
725.78,	600.02,	473.75
727.6,	598.25,	598.72
720.4,	726.72,	350.59
722.22,	724.95,	475.56
724.04,	723.19,	600.54
716.84,	851.65,	352.41
718.66,	849.89,	477.38
720.48,	848.12,	602.35
848.89,	605.36,	347.0
850.71,	603.6,	471.98
852.53,	601.83,	596.95
845.33,	730.3,	348.82
847.15,	728.54,	473.79
848.98,	726.77,	598.77
841.78,	855.24,	350.64
843.6,	853.47,	475.61
845.42,	851.71,	600.58
598.16,	599.09,	476.87
598.36,	598.62,	601.87
598.57,	598.15,	726.87
599.74,	724.08,	477.34
599.94,	723.61,	602.34
600.15,	723.14,	727.34
601.32,	849.07,	477.8
601.53,	848.6,	602.8
601.73,	848.13,	727.8
723.15,	597.51,	476.66
723.35,	597.04,	601.66
723.56,	596.57,	726.66
724.73,	722.5,	477.12
724.93,	722.03,	602.12
725.14,	721.56,	727.12
726.31,	847.49,	477.59
726.52,	847.02,	602.59
726.72,	846.55,	727.59
848.14,	595.93,	476.44
848.34,	595.46,	601.44
848.55,	594.99,	726.44
849.72,	720.92,	476.91
849.92,	720.45,	601.91
850.13,	719.98,	726.91
851.3,	845.91,	477.38
851.51,	845.44,	602.38
851.71,	844.97,	727.37
598.83,	600.43,	601.81
596.24,	599.87,	726.79
593.66,	599.32,	851.76
601.94,	725.39,	602.43
599.36,	724.83,	727.4
596.77,	724.28,	852.38
605.05,	850.35,	603.05
602.47,	849.79,	728.02
599.89,	849.24,	852.99
723.76,	597.3,	604.38
721.18,	596.75,	729.35
718.59,	596.2,	854.33
726.87,	722.26,	605.0
724.29,	721.71,	729.97
721.71,	721.15,	854.94
729.99,	847.22,	605.62
727.41,	846.67,	730.59
724.82,	846.11,	855.56
848.69,	594.17,	606.95
846.11,	593.62,	731.92
843.53,	593.07,	856.89
851.81,	719.13,	607.57
849.23,	718.58,	732.54
846.64,	718.03,	857.51
854.92,	844.09,	608.18
852.34,	843.54,	733.16
849.76,	842.99,	858.13
