27, 125, pa2-debug-f-output1.txt
194.17,	211.14,	196.02
402.25,	399.15,	203.25
98.68,	98.4,	98.21
98.52,	102.1,	223.16
98.35,	105.8,	348.1
97.51,	223.34,	94.51
97.34,	227.04,	219.46
97.18,	230.74,	344.4
96.33,	348.28,	90.81
96.17,	351.98,	215.76
96.0,	355.68,	340.7
223.67,	99.58,	98.34
223.51,	103.28,	223.29
223.35,	106.98,	348.23
222.5,	224.52,	94.64
222.34,	228.22,	219.59
222.17,	231.92,	344.53
221.33,	349.46,	90.94
221.16,	353.16,	215.89
221.0,	356.86,	340.83
348.67,	100.76,	98.47
348.51,	104.46,	223.42
348.34,	108.16,	348.36
347.49,	225.7,	94.77
347.33,	229.4,	219.71
347.17,	233.1,	344.66
346.32,	350.64,	91.07
346.16,	354.34,	216.01
345.99,	358.04,	340.96
98.0,	101.35,	225.29
95.75,	104.19,	350.24
93.49,	107.02,	475.18
100.28,	226.3,	222.5
98.03,	229.13,	347.45
95.78,	231.96,	472.39
102.57,	351.25,	219.71
100.31,	354.08,	344.66
98.06,	356.91,	469.6
222.96,	99.12,	227.59
220.71,	101.95,	352.54
218.45,	104.78,	477.49
225.24,	224.07,	224.8
222.99,	226.9,	349.75
220.74,	229.73,	474.7
227.53,	349.02,	222.01
225.27,	351.85,	346.96
223.02,	354.68,	471.91
347.92,	96.89,	229.9
345.66,	99.72,	354.85
343.41,	102.55,	479.79
350.2,	221.84,	227.11
347.95,	224.67,	352.05
345.69,	227.5,	477.0
352.49,	346.78,	224.32
350.23,	349.62,	349.26
347.98,	352.45,	474.21
98.58,	100.73,	348.69
97.87,	104.45,	473.63
97.15,	108.16,	598.57
99.51,	225.67,	344.98
98.8,	229.39,	469.92
98.08,	233.1,	594.86
100.44,	350.62,	341.27
99.72,	354.33,	466.21
99.01,	358.04,	591.16
223.58,	99.83,	349.43
222.86,	103.54,	474.37
222.15,	107.25,	599.31
224.5,	224.77,	345.72
223.79,	228.48,	470.66
223.08,	232.19,	595.6
225.43,	349.71,	342.01
224.72,	353.42,	466.95
224.01,	357.14,	591.9
348.57,	98.92,	350.17
347.86,	102.63,	475.11
347.14,	106.35,	600.05
349.5,	223.86,	346.46
348.79,	227.57,	471.4
348.07,	231.29,	596.34
350.43,	348.8,	342.75
349.71,	352.52,	467.69
349.0,	356.23,	592.64
101.41,	99.05,	473.8
104.8,	98.09,	598.75
108.18,	97.14,	723.7
100.62,	224.04,	474.78
104.01,	223.09,	599.73
107.4,	222.14,	724.68
99.84,	349.03,	475.75
103.23,	348.08,	600.7
106.62,	347.13,	725.65
226.36,	99.86,	470.42
229.75,	98.9,	595.37
233.14,	97.95,	720.32
225.57,	224.85,	471.39
228.96,	223.9,	596.34
232.35,	222.95,	721.29
224.79,	349.84,	472.37
228.18,	348.89,	597.32
231.57,	347.94,	722.27
351.31,	100.67,	467.04
354.7,	99.71,	591.99
358.09,	98.76,	716.94
350.53,	225.66,	468.01
353.92,	224.71,	592.96
357.3,	223.76,	717.91
349.74,	350.65,	468.98
353.13,	349.7,	593.93
356.52,	348.75,	718.88
100.77,	100.97,	598.26
100.81,	102.77,	723.25
100.86,	104.57,	848.24
104.35,	225.9,	596.46
104.4,	227.7,	721.45
104.44,	229.5,	846.44
107.94,	350.84,	594.66
107.98,	352.64,	719.65
108.03,	354.44,	844.64
225.71,	97.38,	598.27
225.76,	99.18,	723.26
225.81,	100.98,	848.24
229.3,	222.32,	596.47
229.35,	224.12,	721.46
229.39,	225.92,	846.44
232.89,	347.25,	594.67
232.93,	349.05,	719.66
232.98,	350.85,	844.64
350.66,	93.79,	598.28
350.71,	95.59,	723.26
350.75,	97.39,	848.25
354.25,	218.73,	596.48
354.3,	220.53,	721.46
354.34,	222.33,	846.45
357.84,	343.67,	594.68
357.88,	345.47,	719.66
357.93,	347.27,	844.65
100.61,	224.66,	99.74
100.86,	223.47,	224.74
101.11,	222.28,	349.73
101.34,	349.66,	100.93
101.59,	348.46,	225.93
101.84,	347.27,	350.92
102.07,	474.65,	102.12
102.32,	473.46,	227.12
102.57,	472.27,	352.11
225.61,	223.94,	99.48
225.86,	222.75,	224.48
226.11,	221.55,	349.47
226.33,	348.93,	100.67
226.59,	347.74,	225.67
226.84,	346.55,	350.66
227.06,	473.92,	101.86
227.32,	472.73,	226.86
227.57,	471.54,	351.85
350.6,	223.21,	99.22
350.86,	222.02,	224.22
351.11,	220.83,	349.21
351.33,	348.2,	100.41
351.59,	347.01,	225.41
351.84,	345.82,	350.4
352.06,	473.19,	101.6
352.32,	472.0,	226.6
352.57,	470.81,	351.59
101.2,	223.84,	225.8
104.49,	225.07,	350.75
107.79,	226.3,	475.7
103.83,	348.81,	224.5
107.13,	350.04,	349.45
110.42,	351.27,	474.4
106.47,	473.77,	223.2
109.76,	475.0,	348.15
113.05,	476.23,	473.1
226.13,	221.18,	222.53
229.42,	222.41,	347.48
232.71,	223.64,	472.43
228.76,	346.14,	221.23
232.05,	347.37,	346.18
235.35,	348.6,	471.13
231.39,	471.11,	219.93
234.69,	472.34,	344.88
237.98,	473.57,	469.83
351.06,	218.51,	219.27
354.35,	219.74,	344.22
357.64,	220.97,	469.17
353.69,	343.48,	217.97
356.98,	344.71,	342.92
360.28,	345.94,	467.87
356.32,	468.44,	216.67
359.62,	469.67,	341.62
362.91,	470.9,	466.57
100.9,	225.99,	350.38
103.47,	222.67,	475.3
106.03,	219.35,	600.23
97.2,	350.89,	353.77
99.77,	347.57,	478.7
102.33,	344.25,	603.63
93.5,	475.79,	357.16
96.07,	472.47,	482.09
98.63,	469.15,	607.02
225.82,	229.76,	347.91
228.38,	226.44,	472.84
230.95,	223.12,	597.77
222.12,	354.66,	351.3
224.69,	351.34,	476.23
227.25,	348.02,	601.16
218.42,	479.55,	354.69
220.99,	476.24,	479.62
223.55,	472.92,	604.55
350.74,	233.52,	345.44
353.3,	230.21,	470.37
355.87,	226.89,	595.3
347.04,	358.42,	348.83
349.6,	355.1,	473.76
352.17,	351.79,	598.69
343.34,	483.32,	352.23
345.9,	480.0,	477.16
348.47,	476.69,	602.09
99.16,	225.55,	476.9
100.79,	226.67,	601.88
102.42,	227.79,	726.87
101.62,	350.52,	475.75
103.25,	351.64,	600.73
104.88,	352.76,	725.71
104.07,	475.49,	474.59
105.7,	476.61,	599.58
107.34,	477.73,	724.56
224.12,	223.08,	475.29
225.76,	224.2,	600.27
227.39,	225.32,	725.26
226.58,	348.05,	474.14
228.21,	349.17,	599.12
229.85,	350.29,	724.1
229.04,	473.02,	472.98
230.67,	474.14,	597.97
232.3,	475.26,	722.95
349.09,	220.61,	473.68
350.72,	221.73,	598.66
352.35,	222.85,	723.65
351.55,	345.58,	472.53
353.18,	346.7,	597.51
354.81,	347.82,	722.49
354.0,	470.55,	471.37
355.64,	471.67,	596.36
357.27,	472.79,	721.34
99.21,	224.22,	599.76
99.7,	226.22,	724.74
100.19,	228.22,	849.72
98.13,	349.2,	597.76
98.62,	351.2,	722.74
99.11,	353.2,	847.73
97.05,	474.18,	595.76
97.54,	476.18,	720.75
98.03,	478.18,	845.73
224.2,	225.29,	599.25
224.69,	227.29,	724.23
225.18,	229.29,	849.22
223.12,	350.27,	597.25
223.61,	352.27,	722.24
224.1,	354.27,	847.22
222.05,	475.25,	595.26
222.54,	477.25,	720.24
223.03,	479.25,	845.22
349.2,	226.36,	598.74
349.69,	228.36,	723.73
350.18,	230.36,	848.71
348.12,	351.34,	596.75
348.61,	353.34,	721.73
349.1,	355.34,	846.71
347.04,	476.32,	594.75
347.53,	478.32,	719.73
348.02,	480.32,	844.72
101.71,	348.11,	101.65
99.04,	350.78,	226.59
96.37,	353.44,	351.53
98.98,	473.05,	98.92
96.31,	475.72,	223.87
93.64,	478.38,	348.81
96.25,	597.99,	96.2
93.58,	600.66,	221.14
90.91,	603.32,	346.09
226.65,	350.9,	104.26
223.98,	353.57,	229.2
221.31,	356.23,	354.14
223.92,	475.84,	101.53
221.25,	478.51,	226.48
218.58,	481.17,	351.42
221.19,	600.78,	98.81
218.52,	603.45,	223.75
215.85,	606.11,	348.7
351.59,	353.69,	106.87
348.92,	356.36,	231.81
346.25,	359.02,	356.76
348.86,	478.63,	104.15
346.19,	481.3,	229.09
343.52,	483.96,	354.03
346.13,	603.57,	101.42
343.46,	606.24,	226.37
340.79,	608.9,	351.31
99.33,	349.25,	223.2
100.98,	348.02,	348.19
102.63,	346.78,	473.17
98.99,	474.25,	224.44
100.64,	473.01,	349.43
102.29,	471.78,	474.41
98.65,	599.24,	225.68
100.3,	598.01,	350.67
101.95,	596.77,	475.65
224.32,	349.61,	221.56
225.97,	348.37,	346.54
227.62,	347.14,	471.53
223.98,	474.6,	222.8
225.63,	473.37,	347.78
227.28,	472.13,	472.77
223.64,	599.6,	224.04
225.29,	598.36,	349.02
226.94,	597.13,	474.01
349.31,	349.97,	219.92
350.96,	348.73,	344.9
352.6,	347.5,	469.88
348.97,	474.96,	221.16
350.62,	473.72,	346.14
352.26,	472.49,	471.12
348.63,	599.95,	222.39
350.28,	598.72,	347.38
351.93,	597.48,	472.36
98.4,	348.56,	351.42
100.92,	348.67,	476.4
103.43,	348.78,	601.37
99.56,	473.56,	351.29
102.07,	473.67,	476.26
104.59,	473.78,	601.24
100.71,	598.55,	351.15
103.23,	598.66,	476.13
105.75,	598.77,	601.1
223.37,	347.4,	348.91
225.89,	347.51,	473.88
228.4,	347.63,	598.86
224.53,	472.4,	348.77
227.04,	472.51,	473.75
229.56,	472.62,	598.72
225.68,	597.39,	348.64
228.2,	597.5,	473.61
230.72,	597.61,	598.59
348.34,	346.24,	346.39
350.86,	346.36,	471.37
353.37,	346.47,	596.34
349.5,	471.24,	346.26
352.01,	471.35,	471.23
354.53,	471.46,	596.21
350.65,	596.23,	346.12
353.17,	596.34,	471.1
355.69,	596.46,	596.07
98.65,	348.03,	475.19
95.43,	350.07,	600.13
92.22,	352.11,	725.08
98.84,	473.01,	473.16
95.62,	475.05,	598.1
92.41,	477.09,	723.04
99.03,	598.0,	471.12
95.81,	600.03,	596.06
92.6,	602.07,	721.01
223.6,	347.89,	478.41
220.39,	349.93,	603.35
217.17,	351.97,	728.29
223.8,	472.87,	476.37
220.58,	474.91,	601.32
217.37,	476.95,	726.26
223.99,	597.86,	474.34
220.77,	599.89,	599.28
217.56,	601.93,	724.22
348.56,	347.75,	481.63
345.35,	349.79,	606.57
342.13,	351.83,	731.51
348.75,	472.73,	479.59
345.54,	474.77,	604.53
342.32,	476.81,	729.48
348.95,	597.72,	477.56
345.73,	599.75,	602.5
342.52,	601.79,	727.44
98.16,	351.46,	599.99
95.13,	353.06,	724.94
92.11,	354.66,	849.9
96.89,	476.44,	598.36
93.87,	478.04,	723.31
90.84,	479.64,	848.26
95.62,	601.43,	596.73
92.6,	603.03,	721.68
89.58,	604.63,	846.63
223.11,	352.77,	603.0
220.09,	354.37,	727.95
217.07,	355.97,	852.9
221.85,	477.75,	601.37
218.82,	479.35,	726.32
215.8,	480.95,	851.27
220.58,	602.73,	599.73
217.56,	604.33,	724.69
214.53,	605.93,	849.64
348.07,	354.07,	606.0
345.05,	355.67,	730.96
342.02,	357.27,	855.91
346.8,	479.06,	604.37
343.78,	480.66,	729.32
340.76,	482.26,	854.28
345.54,	604.04,	602.74
342.51,	605.64,	727.69
339.49,	607.24,	852.65
98.41,	474.57,	101.26
99.69,	473.09,	226.24
100.97,	471.6,	351.23
99.5,	599.56,	102.73
100.78,	598.07,	227.72
102.05,	596.59,	352.7
100.59,	724.55,	104.21
101.86,	723.06,	229.19
103.14,	721.57,	354.18
223.4,	473.5,	99.97
224.68,	472.02,	224.95
225.96,	470.53,	349.94
224.49,	598.49,	101.44
225.77,	597.0,	226.43
227.04,	595.51,	351.41
225.58,	723.48,	102.92
226.85,	721.99,	227.9
228.13,	720.5,	352.89
348.39,	472.43,	98.68
349.67,	470.94,	223.66
350.95,	469.46,	348.65
349.48,	597.42,	100.15
350.76,	595.93,	225.14
352.03,	594.44,	350.12
350.56,	722.4,	101.63
351.84,	720.92,	226.61
353.12,	719.43,	351.6
100.06,	474.81,	224.86
99.91,	475.31,	349.86
99.77,	475.81,	474.86
103.54,	599.76,	224.37
103.4,	600.26,	349.36
103.26,	600.76,	474.36
107.03,	724.71,	223.87
106.89,	725.21,	348.87
106.75,	725.71,	473.87
225.01,	471.32,	225.02
224.87,	471.82,	350.02
224.72,	472.33,	475.02
228.5,	596.27,	224.52
228.35,	596.77,	349.52
228.21,	597.28,	474.52
231.98,	721.22,	224.02
231.84,	721.73,	349.02
231.7,	722.23,	474.02
349.96,	467.84,	225.17
349.82,	468.34,	350.17
349.67,	468.84,	475.17
353.45,	592.79,	224.68
353.3,	593.29,	349.68
353.16,	593.79,	474.67
356.93,	717.74,	224.18
356.79,	718.24,	349.18
356.65,	718.74,	474.18
98.42,	473.33,	349.97
98.5,	474.4,	474.96
98.57,	475.47,	599.96
100.71,	598.3,	348.89
100.78,	599.37,	473.89
100.86,	600.45,	598.88
103.0,	723.28,	347.82
103.07,	724.35,	472.82
103.14,	725.42,	597.81
223.4,	471.04,	349.91
223.48,	472.11,	474.91
223.55,	473.18,	599.9
225.69,	596.02,	348.84
225.76,	597.09,	473.84
225.83,	598.16,	598.83
227.97,	720.99,	347.77
228.05,	722.06,	472.76
228.12,	723.13,	597.76
348.38,	468.75,	349.86
348.45,	469.83,	474.85
348.53,	470.9,	599.85
350.67,	593.73,	348.79
350.74,	594.8,	473.78
350.81,	595.87,	598.78
352.95,	718.7,	347.71
353.03,	719.77,	472.71
353.1,	720.85,	597.7
98.18,	474.63,	475.46
98.13,	477.99,	600.41
98.08,	481.35,	725.37
99.63,	599.58,	472.1
99.58,	602.94,	597.05
99.53,	606.3,	722.01
101.07,	724.52,	468.74
101.02,	727.88,	593.69
100.98,	731.24,	718.65
223.17,	473.19,	475.55
223.12,	476.55,	600.5
223.08,	479.91,	725.45
224.62,	598.13,	472.18
224.57,	601.49,	597.14
224.52,	604.85,	722.09
226.06,	723.08,	468.82
226.02,	726.44,	593.78
225.97,	729.8,	718.73
348.16,	471.74,	475.63
348.12,	475.1,	600.59
348.07,	478.46,	725.54
349.61,	596.69,	472.27
349.56,	600.05,	597.23
349.51,	603.41,	722.18
351.05,	721.63,	468.91
351.01,	725.0,	593.87
350.96,	728.36,	718.82
99.03,	476.77,	600.5
100.69,	477.87,	725.48
102.36,	478.97,	850.46
100.59,	601.75,	599.38
102.26,	602.85,	724.36
103.93,	603.95,	849.34
102.16,	726.74,	598.26
103.82,	727.84,	723.24
105.49,	728.94,	848.22
224.01,	475.19,	598.84
225.67,	476.29,	723.83
227.34,	477.39,	848.81
225.57,	600.18,	597.72
227.24,	601.28,	722.71
228.9,	602.38,	847.69
227.14,	725.16,	596.6
228.8,	726.26,	721.59
230.47,	727.36,	846.57
348.99,	473.61,	597.19
350.65,	474.71,	722.18
352.32,	475.81,	847.16
350.55,	598.6,	596.07
352.22,	599.7,	721.05
353.88,	600.8,	846.04
352.11,	723.58,	594.95
353.78,	724.68,	719.93
355.45,	725.78,	844.92
99.1,	599.59,	98.92
96.88,	596.44,	223.87
94.65,	593.3,	348.81
98.58,	724.55,	102.06
96.35,	721.4,	227.0
94.13,	718.26,	351.94
98.05,	849.51,	105.2
95.83,	846.36,	230.14
93.6,	843.22,	355.08
224.08,	600.06,	101.16
221.86,	596.91,	226.1
219.63,	593.77,	351.04
223.55,	725.01,	104.3
221.33,	721.87,	229.24
219.11,	718.72,	354.18
223.03,	849.97,	107.43
220.81,	846.83,	232.37
218.58,	843.68,	357.31
349.06,	600.52,	103.4
346.83,	597.38,	228.34
344.61,	594.23,	353.28
348.53,	725.48,	106.53
346.31,	722.34,	231.47
344.09,	719.19,	356.42
348.01,	850.44,	109.67
345.79,	847.3,	234.61
343.56,	844.15,	359.55
101.02,	599.66,	224.25
99.08,	599.26,	349.23
97.15,	598.86,	474.22
102.0,	724.65,	224.66
100.06,	724.25,	349.65
98.13,	723.85,	474.63
102.98,	849.65,	225.08
101.04,	849.25,	350.06
99.11,	848.85,	475.05
226.0,	598.67,	226.18
224.06,	598.27,	351.17
222.13,	597.87,	476.15
226.98,	723.67,	226.6
225.05,	723.27,	351.58
223.11,	722.87,	476.56
227.96,	848.66,	227.01
226.03,	848.26,	351.99
224.09,	847.86,	476.98
350.98,	597.68,	228.11
349.05,	597.29,	353.1
347.11,	596.89,	478.08
351.96,	722.68,	228.53
350.03,	722.28,	353.51
348.09,	721.88,	478.5
352.94,	847.68,	228.94
351.01,	847.28,	353.93
349.07,	846.88,	478.91
98.32,	598.92,	349.08
94.85,	602.35,	473.98
91.37,	605.77,	598.89
95.75,	723.85,	345.58
92.27,	727.27,	470.48
88.79,	730.7,	595.39
93.17,	848.77,	342.08
89.7,	852.2,	466.99
86.22,	855.62,	591.89
223.25,	601.59,	352.48
219.77,	605.02,	477.39
216.29,	608.44,	602.29
220.67,	726.52,	348.98
217.2,	729.94,	473.89
213.72,	733.37,	598.79
218.1,	851.44,	345.49
214.62,	854.87,	470.39
211.14,	858.29,	595.3
348.17,	604.26,	355.89
344.7,	607.69,	480.79
341.22,	611.11,	605.7
345.6,	729.19,	352.39
342.12,	732.61,	477.29
338.64,	736.04,	602.2
343.02,	854.11,	348.89
339.55,	857.54,	473.8
336.07,	860.96,	598.7
98.24,	600.13,	474.05
99.26,	600.44,	599.04
100.28,	600.75,	724.04
99.67,	725.13,	473.73
100.69,	725.43,	598.72
101.71,	725.74,	723.72
101.1,	850.12,	473.41
102.12,	850.42,	598.41
103.14,	850.73,	723.4
223.22,	598.7,	473.03
224.24,	599.01,	598.03
225.27,	599.31,	723.02
224.66,	723.69,	472.71
225.68,	724.0,	597.71
226.7,	724.3,	722.7
226.09,	848.68,	472.39
227.11,	848.99,	597.39
228.13,	849.3,	722.39
348.21,	597.27,	472.01
349.23,	597.57,	597.01
350.25,	597.88,	722.0
349.64,	722.26,	471.7
350.66,	722.56,	596.69
351.68,	722.87,	721.69
351.08,	847.25,	471.38
352.1,	847.56,	596.37
353.12,	847.86,	721.37
101.76,	599.97,	601.17
104.59,	597.12,	726.11
107.43,	594.26,	851.04
99.01,	724.91,	604.09
101.85,	722.05,	729.02
104.69,	719.2,	853.96
96.27,	849.84,	607.01
99.11,	846.99,	731.94
101.95,	844.13,	856.88
226.69,	602.78,	598.4
229.53,	599.92,	723.33
232.37,	597.07,	848.27
223.95,	727.71,	601.31
226.79,	724.86,	726.25
229.63,	722.0,	851.18
221.21,	852.65,	604.23
224.05,	849.79,	729.17
226.89,	846.94,	854.1
351.63,	605.58,	595.62
354.47,	602.73,	720.56
357.31,	599.87,	845.49
348.89,	730.52,	598.54
351.73,	727.66,	723.48
354.57,	724.81,	848.41
346.15,	855.45,	601.46
348.99,	852.6,	726.39
351.83,	849.74,	851.33
223.53,	100.68,	100.43
224.48,	101.44,	225.43
225.44,	102.19,	350.42
224.71,	225.67,	99.67
225.67,	226.43,	224.66
226.62,	227.18,	349.66
225.89,	350.67,	98.91
226.85,	351.42,	223.9
227.8,	352.18,	348.89
348.52,	99.49,	99.49
349.47,	100.25,	224.48
350.43,	101.0,	349.47
349.7,	224.49,	98.72
350.66,	225.24,	223.72
351.61,	225.99,	348.71
350.89,	349.48,	97.96
351.84,	350.23,	222.95
352.79,	350.99,	347.95
473.51,	98.31,	98.54
474.46,	99.06,	223.53
475.42,	99.81,	348.53
474.69,	223.3,	97.78
475.65,	224.05,	222.77
476.6,	224.81,	347.76
475.88,	348.29,	97.01
476.83,	349.04,	222.01
477.78,	349.8,	347.0
223.88,	100.06,	224.89
221.45,	103.72,	349.81
219.02,	107.39,	474.73
223.42,	225.0,	221.22
220.99,	228.67,	346.14
218.56,	232.33,	471.06
222.96,	349.95,	217.54
220.53,	353.61,	342.46
218.1,	357.28,	467.39
348.85,	100.59,	227.31
346.42,	104.25,	352.23
343.99,	107.92,	477.15
348.4,	225.53,	223.63
345.96,	229.2,	348.55
343.53,	232.86,	473.48
347.94,	350.48,	219.96
345.5,	354.14,	344.88
343.07,	357.81,	469.8
473.83,	101.12,	229.72
471.4,	104.78,	354.65
468.97,	108.45,	479.57
473.37,	226.06,	226.05
470.94,	229.73,	350.97
468.51,	233.39,	475.89
472.91,	351.01,	222.37
470.48,	354.67,	347.3
468.05,	358.34,	472.22
225.42,	99.84,	351.64
227.2,	103.15,	476.58
228.98,	106.47,	601.53
224.15,	224.79,	348.34
225.93,	228.1,	473.28
227.71,	231.42,	598.23
222.88,	349.74,	345.04
224.66,	353.05,	469.99
226.44,	356.37,	594.93
350.4,	101.06,	349.83
352.18,	104.38,	474.77
353.96,	107.69,	599.71
349.13,	226.01,	346.53
350.91,	229.33,	471.47
352.69,	232.64,	596.42
347.86,	350.96,	343.23
349.64,	354.28,	468.17
351.42,	357.59,	593.12
475.38,	102.28,	348.01
477.16,	105.6,	472.96
478.94,	108.91,	597.9
474.11,	227.23,	344.72
475.89,	230.55,	469.66
477.67,	233.86,	594.6
472.84,	352.18,	341.42
474.62,	355.5,	466.36
476.4,	358.81,	591.3
224.56,	100.83,	473.78
227.01,	100.7,	598.76
229.46,	100.56,	723.73
221.58,	225.79,	473.97
224.03,	225.66,	598.95
226.48,	225.53,	723.92
218.61,	350.76,	474.16
221.05,	350.62,	599.14
223.5,	350.49,	724.11
349.51,	103.81,	471.34
351.95,	103.68,	596.31
354.4,	103.55,	721.29
346.53,	228.77,	471.53
348.97,	228.64,	596.5
351.42,	228.51,	721.48
343.55,	353.74,	471.72
345.99,	353.61,	596.69
348.44,	353.48,	721.67
474.45,	106.79,	468.9
476.89,	106.66,	593.87
479.34,	106.53,	718.85
471.47,	231.76,	469.09
473.91,	231.63,	594.06
476.36,	231.49,	719.04
468.49,	356.72,	469.27
470.93,	356.59,	594.25
473.38,	356.46,	719.23
225.2,	100.8,	601.2
226.87,	101.32,	726.18
228.54,	101.84,	851.17
224.46,	225.8,	600.69
226.13,	226.32,	725.67
227.8,	226.84,	850.66
223.71,	350.79,	600.17
225.38,	351.32,	725.16
227.05,	351.84,	850.15
350.19,	101.54,	599.52
351.86,	102.06,	724.51
353.53,	102.58,	849.5
349.44,	226.54,	599.01
351.11,	227.06,	724.0
352.78,	227.58,	848.99
348.7,	351.53,	598.5
350.37,	352.05,	723.49
352.04,	352.57,	848.48
475.18,	102.28,	597.85
476.84,	102.8,	722.84
478.51,	103.32,	847.83
474.43,	227.28,	597.34
476.1,	227.8,	722.33
477.77,	228.32,	847.32
473.68,	352.27,	596.83
475.35,	352.79,	721.82
477.02,	353.31,	846.8
225.92,	225.24,	99.09
227.39,	222.95,	224.06
228.86,	220.67,	349.03
223.21,	350.18,	101.4
224.68,	347.9,	226.37
226.15,	345.62,	351.34
220.5,	475.13,	103.72
221.96,	472.85,	228.69
223.43,	470.57,	353.66
350.88,	227.98,	97.67
352.35,	225.69,	222.64
353.82,	223.41,	347.61
348.17,	352.92,	99.98
349.64,	350.64,	224.96
351.11,	348.36,	349.93
345.46,	477.87,	102.3
346.93,	475.59,	227.27
348.39,	473.31,	352.24
475.85,	230.72,	96.25
477.31,	228.43,	221.22
478.78,	226.15,	346.19
473.13,	355.66,	98.57
474.6,	353.38,	223.54
476.07,	351.1,	348.51
470.42,	480.61,	100.88
471.89,	478.33,	225.85
473.36,	476.05,	350.82
224.6,	226.39,	226.13
223.14,	225.47,	351.12
221.67,	224.56,	476.11
223.87,	351.38,	227.03
222.41,	350.47,	352.02
220.94,	349.56,	477.01
223.15,	476.38,	227.94
221.68,	475.46,	352.93
220.21,	474.55,	477.91
349.59,	227.1,	227.6
348.13,	226.19,	352.59
346.66,	225.28,	477.58
348.86,	352.1,	228.51
347.4,	351.19,	353.5
345.93,	350.28,	478.48
348.13,	477.09,	229.41
346.67,	476.18,	354.4
345.2,	475.27,	479.39
474.58,	227.82,	229.08
473.11,	226.91,	354.07
471.65,	226.0,	479.05
473.85,	352.82,	229.98
472.38,	351.91,	354.97
470.92,	350.99,	479.96
473.12,	477.81,	230.88
471.66,	476.9,	355.87
470.19,	475.99,	480.86
223.58,	226.7,	350.84
225.79,	225.29,	475.81
228.0,	223.88,	600.79
222.53,	351.69,	352.27
224.74,	350.28,	477.24
226.95,	348.87,	602.21
221.48,	476.67,	353.69
223.69,	475.27,	478.66
225.9,	473.86,	603.64
348.55,	227.77,	348.64
350.76,	226.37,	473.62
352.97,	224.96,	598.59
347.5,	352.76,	350.07
349.71,	351.35,	475.04
351.92,	349.95,	600.01
346.45,	477.75,	351.49
348.66,	476.34,	476.47
350.87,	474.93,	601.44
473.53,	228.85,	346.44
475.74,	227.44,	471.42
477.95,	226.03,	596.39
472.48,	353.84,	347.87
474.69,	352.43,	472.84
476.9,	351.02,	597.82
471.43,	478.82,	349.3
473.64,	477.42,	474.27
475.85,	476.01,	599.24
224.02,	226.16,	474.25
226.17,	226.73,	599.23
228.32,	227.3,	724.21
220.81,	351.12,	473.73
222.96,	351.69,	598.71
225.11,	352.26,	723.69
217.6,	476.08,	473.22
219.75,	476.65,	598.2
221.9,	477.22,	723.18
348.96,	229.37,	472.08
351.11,	229.94,	597.06
353.26,	230.51,	722.04
345.75,	354.32,	471.57
347.9,	354.89,	596.55
350.05,	355.46,	721.53
342.54,	479.28,	471.05
344.69,	479.85,	596.03
346.84,	480.42,	721.01
473.9,	232.57,	469.92
476.05,	233.14,	594.9
478.2,	233.71,	719.88
470.69,	357.53,	469.4
472.84,	358.1,	594.38
474.99,	358.67,	719.36
467.48,	482.48,	468.89
469.63,	483.05,	593.87
471.78,	483.63,	718.85
226.45,	226.0,	598.01
228.87,	226.07,	722.98
231.29,	226.14,	847.96
225.28,	350.99,	597.96
227.7,	351.06,	722.94
230.11,	351.13,	847.91
224.11,	475.99,	597.91
226.52,	476.06,	722.89
228.94,	476.12,	847.87
351.42,	227.17,	595.59
353.84,	227.24,	720.56
356.26,	227.31,	845.54
350.25,	352.16,	595.54
352.67,	352.23,	720.52
355.09,	352.3,	845.49
349.08,	477.16,	595.49
351.5,	477.23,	720.47
353.91,	477.3,	845.45
476.39,	228.34,	593.17
478.81,	228.41,	718.14
481.23,	228.48,	843.12
475.22,	353.33,	593.12
477.64,	353.4,	718.1
480.06,	353.47,	843.07
474.05,	478.33,	593.08
476.47,	478.4,	718.05
478.88,	478.47,	843.03
223.71,	351.22,	101.85
220.24,	352.82,	226.79
216.76,	354.43,	351.74
223.8,	476.21,	100.25
220.33,	477.81,	225.19
216.85,	479.42,	350.13
223.89,	601.2,	98.64
220.42,	602.8,	223.58
216.94,	604.41,	348.52
348.66,	351.17,	105.33
345.19,	352.78,	230.27
341.71,	354.39,	355.21
348.75,	476.16,	103.72
345.28,	477.77,	228.66
341.8,	479.38,	353.6
348.84,	601.15,	102.12
345.37,	602.76,	227.06
341.89,	604.37,	352.0
473.61,	351.13,	108.8
470.14,	352.74,	233.74
466.67,	354.34,	358.68
473.7,	476.12,	107.2
470.23,	477.72,	232.14
466.76,	479.33,	357.08
473.79,	601.11,	105.59
470.32,	602.71,	230.53
466.85,	604.32,	355.47
226.79,	350.45,	223.81
225.42,	350.46,	348.8
224.05,	350.46,	473.79
227.52,	475.45,	223.81
226.15,	475.45,	348.8
224.78,	475.46,	473.79
228.25,	600.44,	223.81
226.88,	600.45,	348.8
225.51,	600.46,	473.79
351.78,	349.72,	225.18
350.41,	349.73,	350.17
349.04,	349.73,	475.16
352.51,	474.72,	225.18
351.14,	474.72,	350.17
349.77,	474.73,	475.16
353.24,	599.71,	225.18
351.87,	599.72,	350.17
350.5,	599.73,	475.16
476.77,	348.99,	226.55
475.4,	348.99,	351.54
474.03,	349.0,	476.53
477.5,	473.99,	226.55
476.13,	473.99,	351.54
474.76,	474.0,	476.53
478.23,	598.98,	226.55
476.86,	598.99,	351.54
475.49,	599.0,	476.53
224.94,	350.35,	351.52
228.04,	351.35,	476.48
231.14,	352.34,	601.43
222.78,	475.33,	350.58
225.88,	476.32,	475.54
228.98,	477.32,	600.49
220.63,	600.31,	349.64
223.73,	601.3,	474.59
226.83,	602.3,	599.55
349.88,	352.48,	348.4
352.98,	353.48,	473.36
356.08,	354.47,	598.32
347.72,	477.46,	347.46
350.83,	478.46,	472.42
353.93,	479.45,	597.38
345.57,	602.44,	346.52
348.67,	603.43,	471.48
351.77,	604.43,	596.43
474.82,	354.61,	345.28
477.92,	355.61,	470.24
481.02,	356.6,	595.2
472.67,	479.59,	344.34
475.77,	480.59,	469.3
478.87,	481.58,	594.26
470.51,	604.57,	343.4
473.61,	605.56,	468.36
476.71,	606.56,	593.32
225.02,	348.81,	474.62
221.65,	348.47,	599.58
218.29,	348.12,	724.53
226.72,	473.8,	475.02
223.36,	473.46,	599.97
219.99,	473.11,	724.92
228.42,	598.79,	475.41
225.06,	598.44,	600.36
221.7,	598.1,	725.31
349.96,	347.1,	477.98
346.6,	346.76,	602.94
343.23,	346.41,	727.89
351.66,	472.09,	478.37
348.3,	471.74,	603.33
344.94,	471.4,	728.28
353.36,	597.08,	478.76
350.0,	596.73,	603.72
346.64,	596.39,	728.67
474.9,	345.39,	481.34
471.54,	345.04,	606.29
468.18,	344.7,	731.25
476.6,	470.37,	481.73
473.24,	470.03,	606.68
469.88,	469.69,	731.64
478.31,	595.36,	482.12
474.94,	595.02,	607.08
471.58,	594.67,	732.03
225.9,	351.37,	600.5
227.98,	351.78,	725.48
230.06,	352.19,	850.46
226.87,	476.37,	600.07
228.95,	476.78,	725.06
231.03,	477.19,	850.04
227.85,	601.36,	599.65
229.93,	601.77,	724.63
232.01,	602.18,	849.61
350.88,	350.39,	598.42
352.96,	350.8,	723.4
355.04,	351.21,	848.39
351.85,	475.39,	598.0
353.93,	475.8,	722.98
356.01,	476.21,	847.96
352.83,	600.38,	597.57
354.91,	600.79,	722.55
356.99,	601.2,	847.54
475.86,	349.41,	596.35
477.94,	349.82,	721.33
480.02,	350.23,	846.31
476.83,	474.41,	595.92
478.91,	474.82,	720.9
480.99,	475.23,	845.88
477.81,	599.4,	595.5
479.89,	599.81,	720.48
481.97,	600.22,	845.46
223.95,	475.05,	101.4
225.45,	475.88,	226.39
226.94,	476.71,	351.38
221.38,	600.02,	100.6
222.87,	600.85,	225.59
224.37,	601.68,	350.58
218.81,	724.99,	99.8
220.3,	725.82,	224.79
221.79,	726.65,	349.78
348.92,	477.61,	99.89
350.41,	478.44,	224.88
351.91,	479.27,	349.87
346.35,	602.58,	99.09
347.84,	603.41,	224.08
349.33,	604.24,	349.07
343.77,	727.55,	98.29
345.27,	728.38,	223.28
346.76,	729.21,	348.27
473.88,	480.17,	98.38
475.38,	481.0,	223.37
476.87,	481.83,	348.36
471.31,	605.15,	97.58
472.8,	605.97,	222.57
474.3,	606.8,	347.56
468.74,	730.12,	96.78
470.23,	730.95,	221.77
471.72,	731.77,	346.76
225.18,	475.0,	224.42
227.7,	473.38,	349.38
230.22,	471.77,	474.34
224.6,	599.98,	226.04
227.12,	598.37,	351.01
229.65,	596.75,	475.97
224.03,	724.97,	227.67
226.55,	723.36,	352.63
229.07,	721.74,	477.6
350.15,	475.6,	221.9
352.67,	473.99,	346.87
355.19,	472.38,	471.83
349.58,	600.59,	223.53
352.1,	598.98,	348.49
354.62,	597.36,	473.46
349.0,	725.58,	225.16
351.52,	723.97,	350.12
354.04,	722.35,	475.08
475.13,	476.21,	219.39
477.65,	474.6,	344.35
480.17,	472.98,	469.32
474.55,	601.2,	221.02
477.07,	599.59,	345.98
479.59,	597.97,	470.94
473.97,	726.19,	222.64
476.5,	724.57,	347.61
479.02,	722.96,	472.57
224.87,	475.26,	350.13
223.0,	476.96,	475.11
221.13,	478.67,	600.08
225.77,	600.24,	348.44
223.9,	601.95,	473.42
222.03,	603.66,	598.39
226.68,	725.23,	346.75
224.81,	726.94,	471.72
222.94,	728.64,	596.7
349.85,	474.38,	352.02
347.98,	476.09,	476.99
346.11,	477.79,	601.96
350.75,	599.36,	350.32
348.89,	601.07,	475.3
347.02,	602.78,	600.27
351.66,	724.35,	348.63
349.79,	726.06,	473.6
347.92,	727.76,	598.58
474.83,	473.5,	353.9
472.96,	475.21,	478.87
471.09,	476.91,	603.85
475.74,	598.48,	352.2
473.87,	600.19,	477.18
472.0,	601.9,	602.15
476.64,	723.47,	350.51
474.77,	725.18,	475.48
472.9,	726.88,	600.46
224.25,	473.62,	475.31
225.24,	470.56,	600.27
226.23,	467.5,	725.23
226.2,	598.56,	478.35
227.19,	595.5,	603.31
228.18,	592.44,	728.27
228.15,	723.51,	481.4
229.14,	720.45,	606.36
230.13,	717.39,	731.32
349.23,	471.69,	474.27
350.22,	468.63,	599.23
351.21,	465.57,	724.19
351.18,	596.64,	477.32
352.17,	593.58,	602.28
353.16,	590.52,	727.24
353.14,	721.59,	480.36
354.12,	718.52,	605.32
355.11,	715.46,	730.28
474.21,	469.76,	473.24
475.2,	466.7,	598.2
476.19,	463.64,	723.16
476.16,	594.71,	476.28
477.15,	591.65,	601.24
478.14,	588.59,	726.2
478.12,	719.66,	479.33
479.1,	716.6,	604.29
480.09,	713.54,	729.25
224.99,	474.67,	601.4
221.6,	473.64,	726.35
218.21,	472.61,	851.3
228.09,	599.62,	602.51
224.7,	598.6,	727.46
221.32,	597.57,	852.41
231.19,	724.58,	603.62
227.8,	723.55,	728.57
224.42,	722.52,	853.52
349.9,	471.54,	604.76
346.52,	470.51,	729.71
343.13,	469.48,	854.66
353.0,	596.49,	605.87
349.62,	595.47,	730.82
346.23,	594.44,	855.77
356.11,	721.45,	606.98
352.72,	720.42,	731.93
349.33,	719.39,	856.88
474.82,	468.41,	608.12
471.43,	467.38,	733.07
468.05,	466.35,	858.02
477.92,	593.36,	609.23
474.53,	592.34,	734.18
471.15,	591.31,	859.13
481.02,	718.32,	610.34
477.63,	717.29,	735.29
474.25,	716.26,	860.24
225.91,	601.84,	101.33
222.52,	599.79,	226.27
219.13,	597.74,	351.2
229.57,	726.77,	103.48
226.17,	724.72,	228.41
222.78,	722.67,	353.35
233.22,	851.7,	105.63
229.83,	849.65,	230.56
226.44,	847.6,	355.5
350.81,	598.13,	104.66
347.42,	596.08,	229.6
344.03,	594.03,	354.53
354.47,	723.06,	106.81
351.07,	721.01,	231.74
347.68,	718.96,	356.68
358.12,	847.99,	108.96
354.73,	845.94,	233.89
351.34,	843.89,	358.83
475.71,	594.42,	107.99
472.32,	592.37,	232.92
468.93,	590.32,	357.86
479.37,	719.35,	110.14
475.98,	717.3,	235.07
472.58,	715.25,	360.01
483.02,	844.27,	112.29
479.63,	842.22,	237.22
476.24,	840.17,	362.16
223.34,	599.64,	224.0
221.73,	601.17,	348.98
220.11,	602.71,	473.96
219.89,	724.58,	222.42
218.28,	726.12,	347.4
216.67,	727.65,	472.38
216.45,	849.52,	220.84
214.83,	851.06,	345.82
213.22,	852.59,	470.8
348.28,	603.1,	225.57
346.67,	604.64,	350.55
345.06,	606.18,	475.53
344.84,	728.05,	223.99
343.22,	729.58,	348.97
341.61,	731.12,	473.95
341.39,	852.99,	222.41
339.78,	854.53,	347.39
338.16,	856.06,	472.37
473.23,	606.57,	227.14
471.61,	608.11,	352.12
470.0,	609.64,	477.1
469.78,	731.51,	225.56
468.16,	733.05,	350.54
466.55,	734.59,	475.52
466.33,	856.46,	223.98
464.72,	857.99,	348.96
463.1,	859.53,	473.94
226.39,	598.19,	351.81
224.82,	594.79,	476.75
223.24,	591.39,	601.69
223.98,	723.12,	355.17
222.41,	719.72,	480.11
220.84,	716.33,	605.06
221.58,	848.05,	358.54
220.01,	844.65,	483.48
218.43,	841.26,	608.42
351.36,	600.55,	353.44
349.78,	597.15,	478.39
348.21,	593.76,	603.33
348.95,	725.48,	356.81
347.38,	722.08,	481.75
345.81,	718.69,	606.7
346.55,	850.41,	360.17
344.97,	847.01,	485.12
343.4,	843.62,	610.06
476.32,	602.91,	355.08
474.75,	599.51,	480.02
473.18,	596.12,	604.97
473.92,	727.84,	358.45
472.35,	724.44,	483.39
470.77,	721.05,	608.33
471.51,	852.77,	361.81
469.94,	849.38,	486.76
468.37,	845.98,	611.7
226.65,	599.12,	475.43
228.25,	602.56,	600.37
229.86,	606.0,	725.31
224.08,	724.05,	472.02
225.68,	727.49,	596.96
227.29,	730.93,	721.91
221.51,	848.98,	468.62
223.11,	852.41,	593.56
224.72,	855.85,	718.5
351.61,	601.65,	473.75
353.22,	605.08,	598.69
354.82,	608.52,	723.63
349.04,	726.57,	470.34
350.65,	730.01,	595.29
352.25,	733.45,	720.23
346.47,	851.5,	466.94
348.08,	854.94,	591.88
349.68,	858.38,	716.83
476.57,	604.17,	472.07
478.18,	607.61,	597.02
479.79,	611.05,	721.96
474.0,	729.1,	468.67
475.61,	732.54,	593.61
477.22,	735.97,	718.55
471.44,	854.02,	465.26
473.04,	857.46,	590.21
474.65,	860.9,	715.15
226.75,	600.63,	600.39
226.57,	599.85,	725.39
226.39,	599.07,	850.39
227.65,	725.62,	601.17
227.47,	724.84,	726.17
227.29,	724.06,	851.17
228.55,	850.62,	601.95
228.37,	849.84,	726.95
228.19,	849.06,	851.95
351.74,	599.72,	600.57
351.56,	598.94,	725.56
351.38,	598.16,	850.56
352.65,	724.72,	601.35
352.46,	723.94,	726.34
352.28,	723.16,	851.34
353.55,	849.71,	602.13
353.37,	848.93,	727.13
353.19,	848.15,	852.12
476.74,	598.82,	600.74
476.56,	598.04,	725.74
476.38,	597.26,	850.74
477.64,	723.82,	601.52
477.46,	723.04,	726.52
477.28,	722.26,	851.52
478.54,	848.81,	602.3
478.36,	848.03,	727.3
478.18,	847.25,	852.3
348.71,	101.89,	98.57
349.56,	100.67,	223.56
350.41,	99.44,	348.56
345.89,	226.86,	99.82
346.74,	225.63,	224.81
347.59,	224.4,	349.8
343.07,	351.82,	101.07
343.92,	350.59,	226.06
344.77,	349.36,	351.05
473.67,	104.72,	97.75
474.52,	103.49,	222.74
475.37,	102.27,	347.73
470.86,	229.68,	99.0
471.7,	228.46,	223.99
472.55,	227.23,	348.98
468.04,	354.65,	100.25
468.89,	353.42,	225.24
469.73,	352.19,	350.23
598.64,	107.55,	96.93
599.49,	106.32,	221.92
600.34,	105.09,	346.91
595.82,	232.51,	98.18
596.67,	231.28,	223.17
597.52,	230.05,	348.16
593.0,	357.47,	99.42
593.85,	356.24,	224.42
594.7,	355.02,	349.41
348.84,	101.82,	225.85
348.61,	101.62,	350.85
348.38,	101.42,	475.85
345.11,	226.76,	226.04
344.88,	226.57,	351.04
344.65,	226.37,	476.04
341.38,	351.71,	226.23
341.15,	351.51,	351.23
340.92,	351.31,	476.23
473.78,	105.55,	226.08
473.55,	105.35,	351.08
473.33,	105.15,	476.08
470.05,	230.49,	226.27
469.82,	230.3,	351.27
469.6,	230.1,	476.27
466.32,	355.44,	226.46
466.09,	355.24,	351.46
465.87,	355.04,	476.46
598.72,	109.28,	226.31
598.5,	109.08,	351.31
598.27,	108.88,	476.31
594.99,	234.22,	226.51
594.77,	234.02,	351.51
594.54,	233.83,	476.51
591.26,	359.17,	226.7
591.04,	358.97,	351.7
590.81,	358.77,	476.7
349.19,	100.33,	351.78
350.18,	101.83,	476.76
351.18,	103.33,	601.75
347.61,	225.31,	350.29
348.6,	226.81,	475.27
349.6,	228.31,	600.26
346.03,	350.29,	348.8
347.03,	351.79,	473.78
348.02,	353.3,	598.77
474.17,	101.9,	350.76
475.17,	103.4,	475.75
476.16,	104.9,	600.74
472.6,	226.88,	349.27
473.59,	228.38,	474.26
474.59,	229.88,	599.25
471.02,	351.86,	347.78
472.01,	353.36,	472.77
473.01,	354.86,	597.76
599.16,	103.46,	349.75
600.16,	104.96,	474.74
601.15,	106.47,	599.72
597.58,	228.44,	348.26
598.58,	229.95,	473.25
599.57,	231.45,	598.23
596.0,	353.42,	346.77
597.0,	354.93,	471.76
597.99,	356.43,	596.74
350.94,	99.05,	475.74
351.39,	100.51,	600.73
351.83,	101.97,	725.72
353.75,	224.01,	474.27
354.19,	225.47,	599.26
354.63,	226.93,	724.25
356.56,	348.97,	472.8
357.0,	350.43,	597.79
357.44,	351.89,	722.78
475.91,	96.24,	475.33
476.35,	97.7,	600.32
476.79,	99.16,	725.31
478.72,	221.2,	473.86
479.16,	222.66,	598.85
479.6,	224.12,	723.84
481.53,	346.16,	472.39
481.97,	347.62,	597.39
482.41,	349.07,	722.38
600.88,	93.43,	474.92
601.32,	94.88,	599.91
601.76,	96.34,	724.9
603.69,	218.39,	473.45
604.13,	219.84,	598.44
604.57,	221.3,	723.44
606.5,	343.35,	471.99
606.94,	344.8,	596.98
607.38,	346.26,	721.97
351.48,	101.6,	600.95
353.65,	97.98,	725.88
355.83,	94.36,	850.81
351.04,	226.54,	604.58
353.21,	222.93,	729.51
355.39,	219.31,	854.43
350.6,	351.49,	608.2
352.78,	347.87,	733.13
354.95,	344.25,	858.06
476.46,	102.1,	598.79
478.63,	98.48,	723.72
480.81,	94.86,	848.65
476.02,	227.05,	602.42
478.19,	223.43,	727.35
480.37,	219.81,	852.28
475.58,	351.99,	606.04
477.76,	348.37,	730.97
479.93,	344.75,	855.9
601.44,	102.6,	596.63
603.61,	98.98,	721.56
605.79,	95.36,	846.49
601.0,	227.55,	600.26
603.18,	223.93,	725.19
605.35,	220.31,	850.12
600.56,	352.49,	603.89
602.74,	348.88,	728.81
604.91,	345.26,	853.74
350.46,	226.27,	100.33
349.75,	227.61,	225.32
349.03,	228.95,	350.32
348.32,	351.24,	98.98
347.61,	352.58,	223.97
346.89,	353.93,	348.96
346.18,	476.22,	97.63
345.46,	477.56,	222.62
344.75,	478.9,	347.61
475.44,	228.42,	101.03
474.73,	229.76,	226.02
474.01,	231.1,	351.01
473.3,	353.39,	99.67
472.58,	354.73,	224.66
471.87,	356.08,	349.65
471.16,	478.37,	98.32
470.44,	479.71,	223.31
469.73,	481.05,	348.3
600.42,	230.57,	101.72
599.71,	231.91,	226.71
598.99,	233.25,	351.7
598.28,	355.54,	100.37
597.56,	356.88,	225.36
596.85,	358.23,	350.35
596.14,	480.52,	99.01
595.42,	481.86,	224.0
594.71,	483.2,	348.99
348.45,	226.93,	223.44
352.18,	227.32,	348.39
355.9,	227.72,	473.33
350.05,	351.92,	223.0
353.77,	352.31,	347.94
357.5,	352.71,	472.89
351.64,	476.9,	222.55
355.37,	477.3,	347.5
359.09,	477.7,	472.44
473.39,	225.32,	219.72
477.11,	225.72,	344.67
480.84,	226.12,	469.61
474.98,	350.31,	219.28
478.71,	350.71,	344.22
482.43,	351.1,	469.17
476.57,	475.3,	218.83
480.3,	475.7,	343.78
484.02,	476.09,	468.72
598.32,	223.71,	216.01
602.05,	224.11,	340.95
605.77,	224.51,	465.89
599.92,	348.7,	215.56
603.64,	349.1,	340.5
607.37,	349.5,	465.45
601.51,	473.69,	215.12
605.23,	474.09,	340.06
608.96,	474.49,	465.0
350.56,	225.2,	349.3
349.63,	227.04,	474.28
348.7,	228.87,	599.27
348.23,	350.16,	347.45
347.3,	352.0,	472.43
346.37,	353.84,	597.41
345.9,	475.13,	345.59
344.97,	476.96,	470.58
344.04,	478.8,	595.56
475.53,	227.54,	350.19
474.6,	229.38,	475.18
473.67,	231.21,	600.16
473.2,	352.5,	348.34
472.27,	354.34,	473.32
471.35,	356.18,	598.31
470.87,	477.47,	346.49
469.95,	479.31,	471.47
469.02,	481.14,	596.45
600.51,	229.88,	351.09
599.58,	231.72,	476.07
598.65,	233.56,	601.05
598.18,	354.85,	349.23
597.25,	356.68,	474.22
596.32,	358.52,	599.2
595.85,	479.81,	347.38
594.92,	481.65,	472.36
593.99,	483.49,	597.35
351.23,	223.55,	476.99
349.29,	223.6,	601.97
347.34,	223.64,	726.96
352.64,	348.55,	476.97
350.7,	348.59,	601.95
348.75,	348.63,	726.94
354.05,	473.54,	476.95
352.11,	473.58,	601.93
350.16,	473.62,	726.92
476.21,	222.15,	478.93
474.27,	222.19,	603.92
472.32,	222.23,	728.9
477.62,	347.14,	478.91
475.67,	347.18,	603.9
473.73,	347.22,	728.88
479.03,	472.13,	478.89
477.08,	472.17,	603.88
475.14,	472.21,	728.86
601.19,	220.74,	480.88
599.24,	220.78,	605.86
597.3,	220.82,	730.85
602.6,	345.73,	480.86
600.65,	345.77,	605.84
598.71,	345.81,	730.83
604.01,	470.72,	480.84
602.06,	470.76,	605.82
600.12,	470.8,	730.81
350.56,	224.27,	601.44
351.49,	224.35,	726.44
352.41,	224.44,	851.44
352.09,	349.26,	601.35
353.01,	349.35,	726.35
353.94,	349.43,	851.34
353.61,	474.26,	601.26
354.53,	474.34,	726.26
355.46,	474.42,	851.25
475.55,	222.75,	600.52
476.48,	222.83,	725.52
477.4,	222.91,	850.51
477.07,	347.74,	600.43
478.0,	347.82,	725.42
478.92,	347.9,	850.42
478.59,	472.73,	600.33
479.52,	472.81,	725.33
480.44,	472.9,	850.33
600.54,	221.23,	599.6
601.46,	221.31,	724.59
602.39,	221.39,	849.59
602.06,	346.22,	599.5
602.99,	346.3,	724.5
603.91,	346.38,	849.5
603.58,	471.21,	599.41
604.51,	471.29,	724.41
605.43,	471.37,	849.4
350.93,	349.1,	101.09
347.95,	346.22,	226.02
344.96,	343.33,	350.95
348.25,	474.04,	103.9
345.27,	471.16,	228.84
342.29,	468.27,	353.77
345.58,	598.98,	106.72
342.59,	596.1,	231.66
339.61,	593.21,	356.59
475.87,	351.71,	104.13
472.88,	348.83,	229.06
469.9,	345.94,	353.99
473.19,	476.65,	106.95
470.21,	473.77,	231.88
467.22,	470.88,	356.81
470.51,	601.59,	109.77
467.53,	598.71,	234.7
464.54,	595.82,	359.63
600.8,	354.32,	107.18
597.82,	351.44,	232.11
594.84,	348.55,	357.04
598.13,	479.26,	109.99
595.14,	476.38,	234.93
592.16,	473.49,	359.86
595.45,	604.2,	112.81
592.46,	601.32,	237.74
589.48,	598.43,	362.68
350.8,	351.95,	225.37
347.53,	348.55,	350.28
344.25,	345.15,	475.19
349.09,	476.89,	228.72
345.81,	473.49,	353.63
342.53,	470.09,	478.54
347.37,	601.83,	232.08
344.1,	598.43,	356.99
340.82,	595.03,	481.9
475.75,	353.57,	228.69
472.47,	350.17,	353.6
469.19,	346.77,	478.51
474.03,	478.52,	232.05
470.76,	475.12,	356.96
467.48,	471.71,	481.87
472.32,	603.46,	235.4
469.04,	600.06,	360.31
465.76,	596.66,	485.22
600.69,	355.2,	232.01
597.42,	351.8,	356.92
594.14,	348.4,	481.83
598.98,	480.14,	235.37
595.7,	476.74,	360.28
592.42,	473.34,	485.19
597.26,	605.09,	238.73
593.99,	601.68,	363.64
590.71,	598.28,	488.55
351.29,	351.7,	351.84
353.01,	354.91,	476.78
354.74,	358.12,	601.73
349.98,	476.65,	348.64
351.7,	479.86,	473.59
353.43,	483.07,	598.54
348.67,	601.6,	345.45
350.39,	604.81,	470.4
352.12,	608.02,	595.34
476.27,	352.96,	350.08
477.99,	356.17,	475.03
479.72,	359.38,	599.97
474.96,	477.91,	346.88
476.68,	481.12,	471.83
478.41,	484.34,	596.78
473.65,	602.87,	343.69
475.37,	606.08,	468.64
477.1,	609.29,	593.58
601.25,	354.23,	348.32
602.97,	357.44,	473.27
604.7,	360.65,	598.21
599.94,	479.18,	345.13
601.67,	482.39,	470.07
603.39,	485.6,	595.02
598.63,	604.13,	341.93
600.36,	607.34,	466.88
602.08,	610.55,	591.83
350.15,	349.87,	476.05
353.78,	352.92,	600.96
357.42,	355.97,	725.87
349.29,	474.83,	473.03
352.93,	477.88,	597.94
356.56,	480.93,	722.85
348.43,	599.79,	470.0
352.07,	602.84,	594.91
355.71,	605.89,	719.82
475.09,	350.64,	472.4
478.73,	353.69,	597.31
482.37,	356.74,	722.22
474.23,	475.6,	469.37
477.87,	478.65,	594.28
481.51,	481.7,	719.19
473.37,	600.56,	466.34
477.01,	603.61,	591.25
480.65,	606.66,	716.16
600.03,	351.41,	468.74
603.67,	354.46,	593.65
607.31,	357.51,	718.56
599.18,	476.37,	465.71
602.81,	479.42,	590.62
606.45,	482.47,	715.53
598.32,	601.33,	462.68
601.96,	604.38,	587.59
605.6,	607.43,	712.5
349.49,	350.64,	598.5
349.12,	354.33,	723.44
348.75,	358.01,	848.39
349.14,	475.59,	594.81
348.76,	479.27,	719.76
348.39,	482.96,	844.7
348.78,	600.53,	591.13
348.41,	604.22,	716.07
348.04,	607.9,	841.02
474.49,	351.01,	598.86
474.12,	354.7,	723.8
473.75,	358.38,	848.75
474.14,	475.96,	595.17
473.76,	479.64,	720.12
473.39,	483.32,	845.06
473.78,	600.9,	591.49
473.41,	604.59,	716.43
473.04,	608.27,	841.38
599.49,	351.38,	599.22
599.12,	355.06,	724.16
598.75,	358.75,	849.11
599.13,	476.32,	595.53
598.76,	480.01,	720.48
598.39,	483.69,	845.42
598.78,	601.27,	591.85
598.41,	604.95,	716.79
598.03,	608.64,	841.74
350.65,	474.39,	101.81
348.44,	473.34,	226.79
346.23,	472.28,	351.76
347.6,	599.35,	102.81
345.39,	598.29,	227.79
343.18,	597.24,	352.76
344.54,	724.31,	103.81
342.33,	723.25,	228.79
340.12,	722.2,	353.76
475.59,	477.42,	104.05
473.38,	476.37,	229.02
471.17,	475.32,	354.0
472.54,	602.38,	105.05
470.33,	601.33,	230.02
468.12,	600.28,	355.0
469.49,	727.34,	106.05
467.28,	726.29,	231.02
465.07,	725.23,	356.0
600.54,	480.46,	106.28
598.33,	479.41,	231.26
596.12,	478.35,	356.23
597.48,	605.42,	107.28
595.27,	604.36,	232.26
593.06,	603.31,	357.23
594.43,	730.38,	108.28
592.22,	729.32,	233.26
590.01,	728.27,	358.23
349.51,	473.64,	223.2
352.13,	474.01,	348.17
354.76,	474.38,	473.15
349.16,	598.64,	222.84
351.78,	599.01,	347.81
354.41,	599.38,	472.78
348.8,	723.64,	222.47
351.43,	724.01,	347.45
354.05,	724.38,	472.42
474.48,	473.99,	220.58
477.11,	474.36,	345.55
479.73,	474.73,	470.52
474.13,	598.99,	220.21
476.75,	599.36,	345.18
479.38,	599.73,	470.16
473.77,	723.99,	219.85
476.4,	724.36,	344.82
479.02,	724.73,	469.79
599.45,	474.33,	217.95
602.08,	474.71,	342.92
604.7,	475.08,	467.89
599.1,	599.33,	217.59
601.72,	599.7,	342.56
604.35,	600.08,	467.53
598.75,	724.33,	217.22
601.37,	724.7,	342.19
604.0,	725.07,	467.17
348.21,	475.94,	350.13
347.92,	479.64,	475.07
347.63,	483.34,	600.02
344.74,	600.84,	346.42
344.46,	604.54,	471.36
344.17,	608.24,	596.31
341.28,	725.73,	342.71
340.99,	729.43,	467.66
340.7,	733.13,	592.6
473.16,	479.41,	350.31
472.87,	483.11,	475.26
472.58,	486.81,	600.2
469.69,	604.31,	346.6
469.41,	608.01,	471.55
469.12,	611.71,	596.49
466.23,	729.2,	342.9
465.94,	732.9,	467.84
465.66,	736.61,	592.79
598.11,	482.88,	350.5
597.82,	486.58,	475.44
597.53,	490.28,	600.39
594.65,	607.78,	346.79
594.36,	611.48,	471.73
594.07,	615.18,	596.68
591.18,	732.67,	343.08
590.9,	736.38,	468.03
590.61,	740.08,	592.97
351.16,	473.41,	476.01
350.48,	470.83,	600.98
349.81,	468.24,	725.95
347.47,	598.33,	478.57
346.79,	595.75,	603.54
346.11,	593.16,	728.52
343.77,	723.25,	481.14
343.09,	720.67,	606.11
342.41,	718.08,	731.08
476.11,	477.09,	476.76
475.43,	474.51,	601.74
474.75,	471.93,	726.71
472.41,	602.01,	479.33
471.73,	599.43,	604.3
471.05,	596.84,	729.27
468.71,	726.93,	481.89
468.03,	724.35,	606.86
467.36,	721.76,	731.83
601.05,	480.77,	477.52
600.37,	478.19,	602.49
599.69,	475.61,	727.46
597.35,	605.69,	480.08
596.67,	603.11,	605.05
596.0,	600.53,	730.02
593.66,	730.61,	482.64
592.98,	728.03,	607.62
592.3,	725.44,	732.59
351.53,	475.83,	600.65
353.95,	476.31,	725.63
356.38,	476.8,	850.6
353.05,	600.82,	600.14
355.47,	601.3,	725.11
357.9,	601.79,	850.09
354.57,	725.81,	599.62
356.99,	726.29,	724.6
359.42,	726.78,	849.57
476.5,	474.3,	598.23
478.92,	474.78,	723.21
481.35,	475.27,	848.18
478.02,	599.29,	597.72
480.44,	599.77,	722.69
482.87,	600.26,	847.67
479.54,	724.28,	597.2
481.96,	724.76,	722.18
484.39,	725.25,	847.15
601.46,	472.77,	595.82
603.89,	473.25,	720.79
606.31,	473.74,	845.77
602.98,	597.76,	595.3
605.41,	598.24,	720.28
607.83,	598.73,	845.25
604.51,	722.75,	594.78
606.93,	723.23,	719.76
609.35,	723.72,	844.74
349.4,	598.52,	101.19
345.8,	598.08,	226.14
342.2,	597.64,	351.09
349.88,	723.52,	101.65
346.28,	723.07,	226.59
342.68,	722.63,	351.54
350.36,	848.51,	102.1
346.76,	848.07,	227.05
343.16,	847.63,	352.0
474.35,	598.02,	104.79
470.75,	597.58,	229.74
467.15,	597.14,	354.68
474.83,	723.02,	105.24
471.23,	722.58,	230.19
467.63,	722.14,	355.14
475.31,	848.02,	105.7
471.71,	847.58,	230.65
468.11,	847.14,	355.59
599.3,	597.53,	108.39
595.7,	597.09,	233.33
592.1,	596.65,	358.28
599.78,	722.53,	108.84
596.18,	722.09,	233.79
592.58,	721.65,	358.74
600.26,	847.53,	109.3
596.66,	847.09,	234.24
593.06,	846.64,	359.19
351.85,	598.39,	224.92
353.14,	600.76,	349.89
354.44,	603.14,	474.86
355.31,	723.32,	222.52
356.61,	725.69,	347.49
357.9,	728.06,	472.46
358.77,	848.25,	220.11
360.07,	850.62,	345.08
361.36,	852.99,	470.05
476.79,	594.91,	223.69
478.09,	597.28,	348.66
479.38,	599.65,	473.64
480.26,	719.83,	221.29
481.55,	722.21,	346.26
482.85,	724.58,	471.23
483.72,	844.76,	218.88
485.01,	847.13,	343.85
486.31,	849.51,	468.82
601.74,	591.42,	222.47
603.03,	593.79,	347.44
604.33,	596.16,	472.41
605.2,	716.35,	220.06
606.5,	718.72,	345.03
607.79,	721.09,	470.0
608.66,	841.28,	217.65
609.96,	843.65,	342.62
611.25,	846.02,	467.59
349.29,	598.4,	350.55
351.7,	596.11,	475.5
354.1,	593.82,	600.46
349.04,	723.38,	352.84
351.45,	721.09,	477.8
353.85,	718.8,	602.76
348.79,	848.36,	355.14
351.2,	846.07,	480.1
353.6,	843.77,	605.05
474.27,	598.7,	348.15
476.68,	596.41,	473.1
479.08,	594.11,	598.06
474.02,	723.68,	350.44
476.42,	721.38,	475.4
478.83,	719.09,	600.36
473.77,	848.66,	352.74
476.17,	846.36,	477.7
478.58,	844.07,	602.65
599.25,	598.99,	345.75
601.65,	596.7,	470.7
604.06,	594.41,	595.66
599.0,	723.97,	348.05
601.4,	721.68,	473.0
603.81,	719.39,	597.96
598.75,	848.95,	350.34
601.15,	846.66,	475.3
603.55,	844.36,	600.26
351.67,	598.12,	474.74
350.86,	597.61,	599.73
350.05,	597.09,	724.73
351.96,	723.12,	475.26
351.15,	722.6,	600.25
350.34,	722.09,	725.25
352.25,	848.12,	475.77
351.43,	847.6,	600.77
350.62,	847.09,	725.77
476.67,	597.83,	475.55
475.85,	597.31,	600.54
475.04,	596.8,	725.54
476.95,	722.83,	476.07
476.14,	722.31,	601.06
475.33,	721.8,	726.06
477.24,	847.83,	476.58
476.43,	847.31,	601.58
475.62,	846.79,	726.58
601.66,	597.54,	476.36
600.85,	597.02,	601.35
600.04,	596.51,	726.35
601.95,	722.54,	476.88
601.14,	722.02,	601.87
600.33,	721.5,	726.87
602.24,	847.54,	477.39
601.43,	847.02,	602.39
600.62,	846.5,	727.39
348.19,	599.97,	599.22
345.55,	599.86,	724.19
342.91,	599.75,	849.16
345.72,	724.94,	599.27
343.09,	724.83,	724.25
340.45,	724.73,	849.22
343.26,	849.92,	599.33
340.63,	849.81,	724.3
337.99,	849.7,	849.27
473.13,	602.42,	601.86
470.5,	602.32,	726.83
467.86,	602.21,	851.8
470.67,	727.4,	601.91
468.04,	727.29,	726.88
465.4,	727.19,	851.86
468.21,	852.38,	601.97
465.58,	852.27,	726.94
462.94,	852.16,	851.91
598.08,	604.88,	604.5
595.45,	604.78,	729.47
592.81,	604.67,	854.44
595.62,	729.86,	604.55
592.98,	729.75,	729.52
590.35,	729.65,	854.49
593.16,	854.83,	604.6
590.52,	854.73,	729.58
587.89,	854.62,	854.55
475.95,	100.65,	101.42
475.23,	104.26,	226.37
474.51,	107.86,	351.31
479.18,	225.56,	97.84
478.46,	229.16,	222.78
477.74,	232.76,	347.73
482.41,	350.47,	94.26
481.69,	354.07,	219.2
480.97,	357.67,	344.15
600.91,	97.45,	102.23
600.19,	101.05,	227.18
599.47,	104.65,	352.12
604.13,	222.35,	98.65
603.42,	225.96,	223.59
602.7,	229.56,	348.54
607.36,	347.26,	95.07
606.64,	350.86,	220.01
605.93,	354.46,	344.96
725.86,	94.24,	103.04
725.14,	97.84,	227.99
724.43,	101.44,	352.93
729.09,	219.15,	99.46
728.37,	222.75,	224.41
727.65,	226.35,	349.35
732.32,	344.05,	95.88
731.6,	347.66,	220.82
730.88,	351.26,	345.77
476.13,	100.76,	226.09
473.83,	97.7,	351.03
471.54,	94.64,	475.97
475.23,	225.72,	229.13
472.93,	222.66,	354.07
470.64,	219.6,	479.02
474.33,	350.68,	232.17
472.03,	347.62,	357.11
469.74,	344.56,	482.06
601.11,	101.6,	228.41
598.81,	98.54,	353.35
596.51,	95.49,	478.29
600.21,	226.56,	231.45
597.91,	223.5,	356.39
595.61,	220.45,	481.33
599.3,	351.52,	234.49
597.01,	348.46,	359.43
594.71,	345.41,	484.37
726.08,	102.45,	230.73
723.79,	99.39,	355.67
721.49,	96.33,	480.61
725.18,	227.41,	233.77
722.88,	224.35,	358.71
720.59,	221.29,	483.65
724.28,	352.37,	236.81
721.98,	349.31,	361.75
719.69,	346.25,	486.69
474.97,	98.63,	348.65
475.94,	101.52,	473.61
476.91,	104.42,	598.57
472.64,	223.57,	345.77
473.61,	226.47,	470.73
474.58,	229.36,	595.69
470.31,	348.52,	342.89
471.28,	351.41,	467.85
472.25,	354.31,	592.81
599.94,	100.93,	347.62
600.92,	103.83,	472.58
601.89,	106.73,	597.54
597.61,	225.88,	344.74
598.59,	228.77,	469.7
599.56,	231.67,	594.67
595.28,	350.82,	341.86
596.26,	353.72,	466.83
597.23,	356.62,	591.79
724.92,	103.24,	346.59
725.89,	106.14,	471.56
726.86,	109.03,	596.52
722.59,	228.18,	343.71
723.56,	231.08,	468.68
724.53,	233.98,	593.64
720.26,	353.13,	340.84
721.23,	356.03,	465.8
722.2,	358.92,	590.76
473.37,	101.83,	474.5
475.98,	102.76,	599.47
478.59,	103.69,	724.44
471.11,	226.81,	473.62
473.72,	227.73,	598.59
476.33,	228.66,	723.56
468.85,	351.78,	472.74
471.46,	352.71,	597.71
474.07,	353.64,	722.67
598.32,	104.07,	471.88
600.93,	105.0,	596.84
603.54,	105.93,	721.81
596.06,	229.05,	470.99
598.67,	229.98,	595.96
601.28,	230.91,	720.93
593.8,	354.02,	470.11
596.41,	354.95,	595.08
599.02,	355.88,	720.05
723.28,	106.31,	469.25
725.89,	107.24,	594.22
728.5,	108.17,	719.19
721.02,	231.29,	468.37
723.62,	232.22,	593.34
726.23,	233.15,	718.31
718.75,	356.27,	467.48
721.36,	357.2,	592.45
723.97,	358.13,	717.42
474.64,	100.99,	600.63
478.2,	100.93,	725.58
481.75,	100.87,	850.53
477.71,	225.96,	600.6
481.26,	225.9,	725.55
484.81,	225.84,	850.5
480.77,	350.92,	600.57
484.32,	350.86,	725.52
487.88,	350.8,	850.47
599.56,	97.93,	597.07
603.11,	97.87,	722.02
606.66,	97.81,	846.97
602.62,	222.89,	597.05
606.17,	222.83,	721.99
609.73,	222.77,	846.94
605.68,	347.86,	597.02
609.23,	347.8,	721.97
612.79,	347.74,	846.92
724.47,	94.87,	593.52
728.02,	94.81,	718.47
731.58,	94.75,	843.42
727.53,	219.83,	593.49
731.08,	219.77,	718.44
734.64,	219.71,	843.39
730.59,	344.79,	593.46
734.15,	344.74,	718.41
737.7,	344.68,	843.36
475.56,	226.58,	99.01
476.07,	225.63,	224.01
476.58,	224.69,	349.0
475.43,	351.57,	99.96
475.94,	350.63,	224.95
476.45,	349.68,	349.95
475.3,	476.57,	100.9
475.81,	475.62,	225.9
476.32,	474.68,	350.89
600.56,	226.71,	98.51
601.07,	225.77,	223.5
601.58,	224.82,	348.5
600.43,	351.71,	99.45
600.94,	350.76,	224.45
601.45,	349.82,	349.44
600.3,	476.7,	100.39
600.81,	475.76,	225.39
601.32,	474.81,	350.38
725.56,	226.84,	98.0
726.07,	225.9,	222.99
726.58,	224.96,	347.99
725.43,	351.84,	98.94
725.94,	350.9,	223.94
726.45,	349.95,	348.93
725.3,	476.84,	99.89
725.81,	475.89,	224.88
726.32,	474.95,	349.88
475.95,	225.2,	224.9
476.49,	225.98,	349.9
477.03,	226.76,	474.89
478.38,	350.18,	224.11
478.92,	350.96,	349.11
479.46,	351.74,	474.1
480.8,	475.15,	223.32
481.34,	475.93,	348.32
481.88,	476.71,	473.31
600.93,	222.77,	224.38
601.47,	223.56,	349.37
602.01,	224.34,	474.37
603.35,	347.75,	223.59
603.89,	348.53,	348.58
604.43,	349.31,	473.58
605.78,	472.72,	222.79
606.32,	473.5,	347.79
606.86,	474.28,	472.79
725.9,	220.35,	223.85
726.44,	221.13,	348.85
726.98,	221.91,	473.84
728.33,	345.32,	223.06
728.87,	346.1,	348.06
729.41,	346.88,	473.05
730.75,	470.29,	222.27
731.29,	471.08,	347.27
731.83,	471.86,	472.26
475.09,	226.46,	348.5
472.41,	228.44,	473.45
469.74,	230.41,	598.41
475.52,	351.45,	346.54
472.85,	353.42,	471.49
470.17,	355.39,	596.45
475.96,	476.43,	344.57
473.28,	478.4,	469.53
470.61,	480.38,	594.49
600.06,	226.07,	351.18
597.38,	228.04,	476.14
594.71,	230.02,	601.09
600.49,	351.06,	349.22
597.82,	353.03,	474.17
595.14,	355.0,	599.13
600.93,	476.04,	347.26
598.25,	478.01,	472.21
595.58,	479.98,	597.17
725.03,	225.68,	353.86
722.35,	227.65,	478.82
719.68,	229.62,	603.77
725.46,	350.66,	351.9
722.79,	352.63,	476.86
720.11,	354.61,	601.81
725.9,	475.65,	349.94
723.22,	477.62,	474.89
720.55,	479.59,	599.85
476.15,	224.6,	473.48
472.46,	226.38,	598.41
468.77,	228.15,	723.34
472.91,	349.55,	471.61
469.22,	351.32,	596.54
465.53,	353.1,	721.47
469.67,	474.49,	469.74
465.98,	476.26,	594.67
462.29,	478.04,	719.6
601.05,	227.89,	477.12
597.36,	229.67,	602.05
593.67,	231.44,	726.99
597.81,	352.84,	475.25
594.12,	354.61,	600.18
590.43,	356.39,	725.12
594.58,	477.78,	473.38
590.89,	479.55,	598.31
587.2,	481.33,	723.25
725.95,	231.18,	480.76
722.26,	232.96,	605.7
718.57,	234.73,	730.63
722.72,	356.13,	478.89
719.03,	357.9,	603.83
715.34,	359.68,	728.76
719.48,	481.07,	477.02
715.79,	482.85,	601.95
712.1,	484.62,	726.89
473.08,	225.15,	598.28
471.05,	225.03,	723.26
469.02,	224.91,	848.25
473.48,	350.15,	598.4
471.45,	350.03,	723.39
469.42,	349.91,	848.37
473.89,	475.15,	598.53
471.85,	475.03,	723.51
469.82,	474.91,	848.49
598.07,	224.74,	600.31
596.03,	224.63,	725.3
594.0,	224.51,	850.28
598.47,	349.74,	600.44
596.43,	349.63,	725.42
594.4,	349.51,	850.4
598.87,	474.74,	600.56
596.84,	474.63,	725.54
594.8,	474.51,	850.53
723.05,	224.34,	602.34
721.02,	224.22,	727.33
718.98,	224.11,	852.31
723.45,	349.34,	602.47
721.42,	349.22,	727.45
719.38,	349.11,	852.43
723.85,	474.34,	602.59
721.82,	474.22,	727.57
719.79,	474.11,	852.56
474.44,	349.43,	101.85
471.73,	348.49,	226.82
469.01,	347.55,	351.78
474.22,	474.43,	102.79
471.5,	473.48,	227.75
468.79,	472.54,	352.72
473.99,	599.42,	103.72
471.28,	598.48,	228.69
468.56,	597.54,	353.66
599.41,	349.63,	104.57
596.7,	348.69,	229.53
593.98,	347.75,	354.5
599.19,	474.63,	105.5
596.47,	473.69,	230.47
593.76,	472.75,	355.44
598.96,	599.63,	106.44
596.25,	598.68,	231.41
593.53,	597.74,	356.38
724.38,	349.84,	107.29
721.67,	348.9,	232.25
718.95,	347.96,	357.22
724.16,	474.83,	108.22
721.44,	473.89,	233.19
718.73,	472.95,	358.16
723.93,	599.83,	109.16
721.22,	598.89,	234.13
718.5,	597.95,	359.09
475.01,	350.13,	224.23
478.45,	349.79,	349.18
481.88,	349.46,	474.14
475.79,	475.13,	224.55
479.23,	474.79,	349.5
482.66,	474.46,	474.45
476.57,	600.12,	224.86
480.0,	599.79,	349.81
483.44,	599.46,	474.76
599.96,	349.36,	220.79
603.4,	349.03,	345.75
606.83,	348.69,	470.7
600.74,	474.36,	221.11
604.18,	474.02,	346.06
607.61,	473.69,	471.01
601.52,	599.35,	221.42
604.95,	599.02,	346.37
608.39,	598.69,	471.32
724.91,	348.59,	217.36
728.35,	348.26,	342.31
731.79,	347.92,	467.26
725.69,	473.59,	217.67
729.13,	473.25,	342.62
732.56,	472.92,	467.57
726.47,	598.59,	217.98
729.9,	598.25,	342.93
733.34,	597.92,	467.89
474.45,	348.84,	350.44
471.61,	346.91,	475.39
468.77,	344.98,	600.34
473.81,	473.83,	352.35
470.97,	471.9,	477.31
468.13,	469.97,	602.26
473.18,	598.81,	354.27
470.34,	596.88,	479.22
467.5,	594.95,	604.17
599.42,	349.44,	353.29
596.58,	347.51,	478.24
593.74,	345.58,	603.19
598.78,	474.42,	355.2
595.94,	472.49,	480.16
593.1,	470.56,	605.11
598.14,	599.4,	357.12
595.3,	597.47,	482.07
592.46,	595.54,	607.02
724.38,	350.03,	356.14
721.54,	348.1,	481.09
718.7,	346.17,	606.04
723.75,	475.01,	358.05
720.91,	473.08,	483.01
718.07,	471.15,	607.96
723.11,	600.0,	359.97
720.27,	598.07,	484.92
717.43,	596.14,	609.87
473.94,	350.75,	473.85
473.14,	348.04,	598.82
472.33,	345.33,	723.79
475.72,	475.7,	476.57
474.92,	473.0,	601.54
474.11,	470.29,	726.51
477.5,	600.66,	479.29
476.7,	597.95,	604.26
475.9,	595.24,	729.23
598.93,	348.95,	474.62
598.12,	346.24,	599.58
597.32,	343.53,	724.55
600.71,	473.91,	477.34
599.9,	471.2,	602.3
599.1,	468.49,	727.27
602.49,	598.86,	480.06
601.68,	596.16,	605.03
600.88,	593.45,	729.99
723.91,	347.15,	475.38
723.11,	344.44,	600.35
722.3,	341.73,	725.32
725.69,	472.11,	478.1
724.89,	469.4,	603.07
724.08,	466.69,	728.04
727.47,	597.07,	480.82
726.67,	594.36,	605.79
725.86,	591.65,	730.76
474.67,	351.46,	599.07
477.32,	352.2,	724.04
479.96,	352.94,	849.01
473.59,	476.45,	598.35
476.23,	477.19,	723.32
478.87,	477.93,	848.29
472.5,	601.44,	597.63
475.14,	602.18,	722.6
477.78,	602.93,	847.57
599.64,	352.53,	596.42
602.29,	353.27,	721.39
604.93,	354.01,	846.36
598.55,	477.52,	595.7
601.2,	478.27,	720.67
603.84,	479.01,	845.64
597.46,	602.52,	594.98
600.11,	603.26,	719.95
602.75,	604.0,	844.92
724.61,	353.6,	593.77
727.25,	354.35,	718.74
729.9,	355.09,	843.71
723.52,	478.6,	593.05
726.16,	479.34,	718.02
728.81,	480.08,	842.99
722.43,	603.59,	592.33
725.07,	604.33,	717.3
727.72,	605.08,	842.27
474.39,	473.54,	101.04
470.98,	475.99,	225.97
467.57,	478.44,	350.9
475.53,	598.51,	98.62
472.12,	600.96,	223.55
468.71,	603.41,	348.48
476.67,	723.48,	96.21
473.26,	725.93,	221.14
469.85,	728.38,	346.06
599.34,	472.47,	104.48
595.93,	474.92,	229.41
592.52,	477.37,	354.33
600.48,	597.44,	102.06
597.07,	599.89,	226.99
593.66,	602.34,	351.92
601.62,	722.41,	99.64
598.21,	724.86,	224.57
594.8,	727.31,	349.5
724.29,	471.39,	107.91
720.87,	473.84,	232.84
717.46,	476.29,	357.77
725.43,	596.36,	105.49
722.02,	598.81,	230.42
718.61,	601.26,	355.35
726.57,	721.33,	103.07
723.16,	723.78,	228.0
719.75,	726.23,	352.93
473.05,	474.38,	224.54
471.82,	472.19,	349.52
470.6,	470.01,	474.49
474.53,	599.35,	226.74
473.31,	597.16,	351.71
472.09,	594.98,	476.69
476.01,	724.32,	228.94
474.79,	722.14,	353.91
473.57,	719.95,	478.89
598.03,	472.87,	225.74
596.81,	470.69,	350.71
595.59,	468.51,	475.69
599.51,	597.84,	227.93
598.29,	595.66,	352.91
597.07,	593.48,	477.88
601.0,	722.81,	230.13
599.78,	720.63,	355.11
598.55,	718.45,	480.08
723.02,	471.37,	226.93
721.79,	469.18,	351.91
720.57,	467.0,	476.88
724.5,	596.34,	229.13
723.28,	594.16,	354.1
722.06,	591.97,	479.08
725.98,	721.31,	231.33
724.76,	719.13,	356.3
723.54,	716.94,	481.28
473.17,	476.43,	348.32
475.82,	479.9,	473.24
478.48,	483.38,	598.16
469.99,	601.34,	344.91
472.64,	604.82,	469.83
475.29,	608.3,	594.75
466.8,	726.25,	341.5
469.46,	729.73,	466.42
472.11,	733.21,	591.34
598.1,	479.54,	345.58
600.76,	483.01,	470.5
603.41,	486.49,	595.42
594.92,	604.45,	342.17
597.57,	607.93,	467.09
600.23,	611.4,	592.01
591.74,	729.36,	338.76
594.39,	732.84,	463.68
597.04,	736.32,	588.6
723.03,	482.64,	342.84
725.69,	486.12,	467.76
728.34,	489.6,	592.68
719.85,	607.56,	339.43
722.5,	611.04,	464.35
725.16,	614.51,	589.27
716.67,	732.47,	336.02
719.32,	735.95,	460.94
721.97,	739.43,	585.86
473.34,	476.48,	473.67
473.29,	476.64,	598.67
473.23,	476.79,	723.67
475.41,	601.47,	473.52
475.36,	601.62,	598.52
475.3,	601.77,	723.52
477.48,	726.45,	473.37
477.42,	726.6,	598.37
477.37,	726.75,	723.37
598.32,	474.41,	473.73
598.27,	474.57,	598.73
598.21,	474.72,	723.73
600.39,	599.4,	473.58
600.34,	599.55,	598.58
600.28,	599.7,	723.58
602.46,	724.38,	473.43
602.41,	724.53,	598.43
602.35,	724.68,	723.43
723.31,	472.34,	473.79
723.25,	472.5,	598.79
723.2,	472.65,	723.79
725.38,	597.33,	473.64
725.32,	597.48,	598.64
725.27,	597.63,	723.64
727.45,	722.31,	473.49
727.39,	722.46,	598.49
727.33,	722.62,	723.49
476.3,	474.37,	600.94
473.1,	475.11,	725.9
469.9,	475.84,	850.85
473.14,	599.33,	600.13
469.94,	600.06,	725.08
466.74,	600.8,	850.04
469.97,	724.29,	599.31
466.77,	725.02,	724.27
463.57,	725.75,	849.23
601.22,	477.56,	604.12
598.02,	478.29,	729.08
594.82,	479.02,	854.03
598.06,	602.52,	603.31
594.86,	603.25,	728.26
591.66,	603.98,	853.22
594.89,	727.47,	602.49
591.69,	728.21,	727.45
588.49,	728.94,	852.4
726.14,	480.74,	607.3
722.94,	481.48,	732.26
719.74,	482.21,	857.21
722.97,	605.7,	606.49
719.77,	606.43,	731.44
716.58,	607.17,	856.4
719.81,	730.66,	605.67
716.61,	731.39,	730.63
713.41,	732.12,	855.58
474.58,	600.23,	99.62
471.6,	598.63,	224.58
468.61,	597.03,	349.53
472.83,	725.21,	101.18
469.84,	723.61,	226.14
466.86,	722.01,	351.09
471.08,	850.19,	102.74
468.09,	848.59,	227.7
465.11,	846.99,	352.65
599.53,	601.95,	102.63
596.55,	600.35,	227.58
593.56,	598.75,	352.54
597.78,	726.92,	104.19
594.8,	725.32,	229.14
591.81,	723.72,	354.1
596.03,	851.9,	105.75
593.04,	850.3,	230.7
590.06,	848.7,	355.66
724.49,	603.66,	105.64
721.5,	602.06,	230.59
718.52,	600.46,	355.55
722.73,	728.64,	107.2
719.75,	727.04,	232.15
716.76,	725.44,	357.1
720.98,	853.62,	108.76
718.0,	852.02,	233.71
715.01,	850.42,	358.66
474.99,	601.14,	225.84
473.37,	600.79,	350.83
471.76,	600.45,	475.81
473.68,	726.13,	226.16
472.06,	725.79,	351.15
470.45,	725.44,	476.14
472.37,	851.12,	226.49
470.75,	850.78,	351.48
469.14,	850.43,	476.47
599.97,	602.44,	227.45
598.35,	602.1,	352.44
596.74,	601.75,	477.43
598.66,	727.43,	227.78
597.04,	727.09,	352.77
595.43,	726.75,	477.76
597.35,	852.43,	228.11
595.74,	852.08,	353.1
594.12,	851.74,	478.09
724.95,	603.75,	229.07
723.34,	603.4,	354.06
721.72,	603.06,	479.05
723.64,	728.74,	229.4
722.03,	728.39,	354.39
720.41,	728.05,	479.38
722.33,	853.73,	229.73
720.72,	853.39,	354.72
719.1,	853.04,	479.71
474.35,	598.91,	351.75
475.57,	598.32,	476.74
476.8,	597.73,	601.73
473.71,	723.91,	352.34
474.94,	723.32,	477.33
476.16,	722.73,	602.32
473.07,	848.9,	352.93
474.3,	848.32,	477.93
475.52,	847.73,	602.92
599.34,	599.55,	350.52
600.57,	598.96,	475.52
601.79,	598.38,	600.51
598.7,	724.55,	351.12
599.93,	723.96,	476.11
601.15,	723.37,	601.1
598.07,	849.55,	351.71
599.29,	848.96,	476.7
600.52,	848.37,	601.7
724.33,	600.19,	349.3
725.56,	599.61,	474.3
726.78,	599.02,	599.29
723.7,	725.19,	349.9
724.92,	724.6,	474.89
726.15,	724.02,	599.88
723.06,	850.19,	350.49
724.28,	849.6,	475.48
725.51,	849.01,	600.47
475.02,	600.85,	474.47
475.64,	603.82,	599.44
476.25,	606.78,	724.4
475.72,	725.82,	471.51
476.33,	728.78,	596.47
476.95,	731.75,	721.43
476.42,	850.78,	468.54
477.03,	853.74,	593.5
477.64,	856.71,	718.46
600.02,	600.14,	473.88
600.63,	603.11,	598.84
601.24,	606.07,	723.81
600.72,	725.1,	470.91
601.33,	728.07,	595.87
601.94,	731.03,	720.84
601.42,	850.07,	467.94
602.03,	853.03,	592.91
602.64,	856.0,	717.87
725.02,	599.43,	473.28
725.63,	602.39,	598.25
726.24,	605.36,	723.21
725.71,	724.39,	470.31
726.33,	727.36,	595.28
726.94,	730.32,	720.24
726.41,	849.35,	467.35
727.02,	852.32,	592.31
727.64,	855.28,	717.27
476.44,	600.88,	599.57
473.27,	601.55,	724.52
470.1,	602.22,	849.48
472.75,	725.82,	598.8
469.58,	726.49,	723.76
466.41,	727.16,	848.72
469.05,	850.76,	598.03
465.89,	851.43,	722.99
462.72,	852.11,	847.95
601.34,	604.59,	602.71
598.18,	605.26,	727.67
595.01,	605.93,	852.63
597.65,	729.53,	601.95
594.48,	730.2,	726.91
591.31,	730.87,	851.86
593.96,	854.47,	601.18
590.79,	855.15,	726.14
587.62,	855.82,	851.1
726.25,	608.3,	605.86
723.08,	608.97,	730.82
719.91,	609.64,	855.78
722.56,	733.24,	605.1
719.39,	733.91,	730.05
716.22,	734.58,	855.01
718.86,	858.18,	604.33
715.7,	858.86,	729.29
712.53,	859.53,	854.25
598.04,	99.5,	99.39
600.61,	95.87,	224.31
603.18,	92.23,	349.23
598.39,	224.45,	103.02
600.96,	220.81,	227.94
603.52,	217.18,	352.86
598.73,	349.39,	106.64
601.3,	345.76,	231.56
603.87,	342.13,	356.48
723.02,	99.23,	96.81
725.58,	95.6,	221.73
728.15,	91.96,	346.65
723.36,	224.18,	100.44
725.93,	220.54,	225.36
728.5,	216.91,	350.28
723.7,	349.12,	104.07
726.27,	345.49,	228.99
728.84,	341.86,	353.91
847.99,	98.96,	94.24
850.56,	95.33,	219.16
853.13,	91.7,	344.08
848.33,	223.91,	97.86
850.9,	220.28,	222.78
853.47,	216.64,	347.7
848.68,	348.86,	101.49
851.24,	345.22,	226.41
853.81,	341.59,	351.33
598.06,	101.94,	225.55
597.14,	99.97,	350.53
596.22,	98.0,	475.51
600.32,	226.91,	227.53
599.4,	224.94,	352.52
598.49,	222.97,	477.5
602.59,	351.87,	229.52
601.67,	349.9,	354.5
600.75,	347.93,	479.48
723.03,	99.66,	226.43
722.12,	97.69,	351.41
721.2,	95.72,	476.39
725.3,	224.63,	228.42
724.38,	222.66,	353.4
723.46,	220.69,	478.38
727.56,	349.59,	230.4
726.65,	347.62,	355.38
725.73,	345.65,	480.36
848.01,	97.38,	227.31
847.09,	95.41,	352.3
846.17,	93.44,	477.28
850.28,	222.35,	229.3
849.36,	220.38,	354.28
848.44,	218.41,	479.26
852.54,	347.31,	231.29
851.62,	345.34,	356.27
850.7,	343.37,	481.25
598.34,	99.12,	348.49
594.9,	101.65,	473.41
591.47,	104.17,	598.34
597.23,	224.09,	345.93
593.79,	226.61,	470.86
590.35,	229.14,	595.79
596.11,	349.06,	343.38
592.68,	351.58,	468.3
589.24,	354.11,	593.23
723.29,	100.31,	351.9
719.85,	102.83,	476.83
716.41,	105.35,	601.75
722.18,	225.28,	349.35
718.74,	227.8,	474.27
715.3,	230.32,	599.2
721.06,	350.25,	346.79
717.62,	352.77,	471.72
714.18,	355.29,	596.65
848.24,	101.49,	355.32
844.8,	104.01,	480.24
841.36,	106.54,	605.17
847.12,	226.46,	352.76
843.69,	228.98,	477.69
840.25,	231.51,	602.62
846.01,	351.43,	350.21
842.57,	353.95,	475.13
839.13,	356.47,	600.06
601.23,	98.88,	475.11
602.48,	96.17,	600.07
603.72,	93.45,	725.03
604.75,	223.81,	477.78
606.0,	221.09,	602.75
607.25,	218.38,	727.71
608.28,	348.73,	480.46
609.52,	346.01,	605.43
610.77,	343.3,	730.39
726.18,	95.39,	473.78
727.42,	92.67,	598.75
728.67,	89.96,	723.71
729.7,	220.31,	476.46
730.94,	217.6,	601.43
732.19,	214.88,	726.39
733.22,	345.23,	479.14
734.47,	342.52,	604.11
735.71,	339.8,	729.07
851.12,	91.89,	472.46
852.37,	89.18,	597.43
853.61,	86.47,	722.39
854.64,	216.82,	475.14
855.89,	214.1,	600.11
857.13,	211.39,	725.07
858.17,	341.74,	477.82
859.41,	339.02,	602.78
860.66,	336.31,	727.75
600.66,	99.61,	600.68
603.01,	96.67,	725.62
605.37,	93.73,	850.57
603.66,	224.54,	603.56
606.02,	221.6,	728.5
608.38,	218.66,	853.45
606.66,	349.47,	606.44
609.02,	346.53,	731.39
611.38,	343.59,	856.33
725.6,	96.66,	598.25
727.96,	93.72,	723.2
730.32,	90.78,	848.14
728.6,	221.59,	601.13
730.96,	218.65,	726.08
733.32,	215.71,	851.02
731.61,	346.52,	604.01
733.96,	343.58,	728.96
736.32,	340.64,	853.9
850.54,	93.71,	595.82
852.9,	90.77,	720.77
855.26,	87.83,	845.71
853.54,	218.64,	598.7
855.9,	215.7,	723.65
858.26,	212.77,	848.59
856.55,	343.57,	601.59
858.91,	340.63,	726.53
861.26,	337.7,	851.47
601.33,	225.39,	100.15
602.65,	228.01,	225.12
603.97,	230.63,	350.09
598.27,	350.32,	97.57
599.59,	352.94,	222.53
600.91,	355.56,	347.5
595.22,	475.26,	94.98
596.54,	477.88,	219.95
597.86,	480.5,	344.91
726.28,	228.41,	98.77
727.6,	231.03,	223.74
728.92,	233.65,	348.7
723.23,	353.35,	96.18
724.55,	355.97,	221.15
725.87,	358.59,	346.12
720.18,	478.28,	93.6
721.5,	480.9,	218.56
722.82,	483.52,	343.53
851.24,	231.44,	97.39
852.56,	234.06,	222.35
853.88,	236.68,	347.32
848.19,	356.37,	94.8
849.51,	358.99,	219.77
850.83,	361.61,	344.73
845.13,	481.31,	92.21
846.45,	483.93,	217.18
847.77,	486.55,	342.14
600.91,	225.7,	225.95
600.41,	225.59,	350.95
599.9,	225.49,	475.95
598.26,	350.67,	226.05
597.75,	350.57,	351.05
597.25,	350.46,	476.05
595.6,	475.64,	226.14
595.1,	475.54,	351.14
594.59,	475.44,	476.14
725.88,	228.35,	226.46
725.38,	228.25,	351.46
724.87,	228.15,	476.46
723.23,	353.32,	226.55
722.72,	353.22,	351.55
722.22,	353.12,	476.55
720.57,	478.3,	226.65
720.07,	478.19,	351.65
719.56,	478.09,	476.64
850.85,	231.01,	226.97
850.35,	230.9,	351.97
849.85,	230.8,	476.97
848.2,	355.98,	227.06
847.69,	355.88,	352.06
847.19,	355.77,	477.06
845.54,	480.95,	227.15
845.04,	480.85,	352.15
844.53,	480.75,	477.15
598.02,	223.68,	349.76
594.45,	222.09,	474.7
590.88,	220.49,	599.64
600.08,	348.66,	351.42
596.51,	347.06,	476.36
592.94,	345.46,	601.3
602.13,	473.63,	353.08
598.56,	472.03,	478.01
594.99,	470.43,	602.95
722.95,	221.58,	353.3
719.38,	219.98,	478.24
715.81,	218.38,	603.18
725.01,	346.55,	354.96
721.44,	344.95,	479.9
717.87,	343.36,	604.84
727.06,	471.52,	356.62
723.49,	469.93,	481.56
719.92,	468.33,	606.5
847.88,	219.48,	356.85
844.31,	217.88,	481.79
840.74,	216.28,	606.72
849.94,	344.45,	358.5
846.37,	342.85,	483.44
842.8,	341.25,	608.38
852.0,	469.42,	360.16
848.43,	467.82,	485.1
844.86,	466.23,	610.04
598.56,	226.38,	474.49
595.74,	227.93,	599.45
592.93,	229.47,	724.41
600.08,	351.37,	472.98
597.26,	352.91,	597.94
594.45,	354.45,	722.9
601.6,	476.35,	471.48
598.79,	477.89,	596.44
595.97,	479.43,	721.39
723.52,	224.9,	477.32
720.7,	226.44,	602.28
717.89,	227.98,	727.24
725.04,	349.88,	475.82
722.22,	351.42,	600.78
719.41,	352.96,	725.73
726.56,	474.86,	474.31
723.75,	476.4,	599.27
720.93,	477.94,	724.23
848.48,	223.41,	480.16
845.66,	224.95,	605.12
842.84,	226.49,	730.08
850.0,	348.39,	478.65
847.18,	349.93,	603.61
844.37,	351.47,	728.57
851.52,	473.37,	477.14
848.71,	474.91,	602.1
845.89,	476.45,	727.06
598.01,	224.33,	599.87
598.75,	223.29,	724.86
599.5,	222.24,	849.86
594.74,	349.29,	600.94
595.49,	348.24,	725.93
596.24,	347.19,	850.93
591.48,	474.24,	602.01
592.22,	473.19,	727.0
592.97,	472.14,	851.99
722.96,	227.61,	599.15
723.71,	226.56,	724.14
724.46,	225.51,	849.14
719.7,	352.56,	600.22
720.44,	351.51,	725.21
721.19,	350.46,	850.21
716.43,	477.51,	601.29
717.18,	476.46,	726.28
717.92,	475.41,	851.28
847.92,	230.88,	598.43
848.66,	229.83,	723.43
849.41,	228.78,	848.42
844.65,	355.83,	599.5
845.4,	354.78,	724.49
846.15,	353.73,	849.49
841.39,	480.78,	600.57
842.13,	479.74,	725.56
842.88,	478.69,	850.56
598.32,	348.06,	101.76
601.17,	345.1,	226.69
604.02,	342.13,	351.63
600.78,	473.0,	104.67
603.63,	470.04,	229.6
606.48,	467.07,	354.54
603.25,	597.95,	107.58
606.1,	594.98,	232.52
608.95,	592.01,	357.45
723.26,	345.66,	98.85
726.11,	342.69,	223.79
728.96,	339.73,	348.72
725.73,	470.6,	101.76
728.58,	467.64,	226.7
731.43,	464.67,	351.63
728.2,	595.55,	104.68
731.05,	592.58,	229.61
733.9,	589.61,	354.54
848.2,	343.26,	95.95
851.05,	340.29,	220.88
853.9,	337.33,	345.81
850.67,	468.2,	98.86
853.52,	465.24,	223.79
856.37,	462.27,	348.72
853.14,	593.14,	101.77
855.99,	590.18,	226.7
858.84,	587.21,	351.63
600.27,	351.7,	226.72
599.77,	349.91,	351.7
599.28,	348.13,	476.69
602.58,	476.66,	228.51
602.08,	474.88,	353.5
601.59,	473.09,	478.48
604.89,	601.63,	230.3
604.39,	599.84,	355.29
603.9,	598.06,	480.28
725.25,	349.38,	227.18
724.75,	347.6,	352.16
724.26,	345.81,	477.15
727.56,	474.35,	228.97
727.06,	472.56,	353.96
726.57,	470.78,	478.94
729.87,	599.31,	230.76
729.37,	597.53,	355.75
728.88,	595.74,	480.74
850.22,	347.06,	227.64
849.73,	345.28,	352.62
849.24,	343.49,	477.61
852.53,	472.03,	229.43
852.04,	470.24,	354.42
851.55,	468.46,	479.4
854.84,	597.0,	231.22
854.35,	595.21,	356.21
853.86,	593.43,	481.2
598.14,	351.64,	350.86
597.38,	350.71,	475.85
596.62,	349.78,	600.84
595.19,	476.6,	351.77
594.43,	475.67,	476.76
593.67,	474.74,	601.76
592.24,	601.56,	352.68
591.48,	600.63,	477.67
590.72,	599.7,	602.67
723.1,	354.58,	351.64
722.34,	353.65,	476.63
721.58,	352.72,	601.63
720.15,	479.54,	352.55
719.39,	478.61,	477.54
718.63,	477.68,	602.54
717.2,	604.51,	353.46
716.44,	603.58,	478.45
715.68,	602.65,	603.45
848.06,	357.53,	352.42
847.3,	356.6,	477.41
846.54,	355.67,	602.41
845.11,	482.49,	353.33
844.35,	481.56,	478.32
843.59,	480.63,	603.32
842.16,	607.45,	354.24
841.4,	606.52,	479.24
840.64,	605.59,	604.23
598.59,	348.92,	476.82
601.27,	345.3,	601.74
603.95,	341.68,	726.66
600.63,	473.85,	480.39
603.31,	470.23,	605.31
606.0,	466.62,	730.23
602.67,	598.78,	483.97
605.36,	595.16,	608.89
608.04,	591.55,	733.8
723.54,	346.95,	474.08
726.22,	343.33,	599.0
728.91,	339.72,	723.92
725.58,	471.88,	477.65
728.27,	468.27,	602.57
730.95,	464.65,	727.49
727.63,	596.81,	481.22
730.31,	593.2,	606.14
733.0,	589.58,	731.06
848.5,	344.98,	471.34
851.18,	341.37,	596.26
853.86,	337.75,	721.18
850.54,	469.92,	474.91
853.22,	466.3,	599.83
855.91,	462.68,	724.75
852.58,	594.85,	478.48
855.27,	591.23,	603.4
857.95,	587.62,	728.32
600.2,	349.17,	600.32
597.84,	349.99,	725.3
595.49,	350.82,	850.27
599.91,	474.17,	599.5
597.56,	474.99,	724.47
595.21,	475.81,	849.45
599.63,	599.17,	598.67
597.28,	599.99,	723.65
594.93,	600.81,	848.62
725.17,	349.47,	602.67
722.82,	350.29,	727.65
720.47,	351.11,	852.62
724.89,	474.47,	601.85
722.54,	475.29,	726.82
720.19,	476.11,	851.8
724.61,	599.47,	601.02
722.26,	600.29,	726.0
719.9,	601.11,	850.97
850.15,	349.77,	605.02
847.8,	350.59,	730.0
845.45,	351.41,	854.97
849.87,	474.77,	604.2
847.52,	475.59,	729.17
845.16,	476.41,	854.15
849.59,	599.77,	603.37
847.23,	600.59,	728.35
844.88,	601.41,	853.32
598.83,	474.5,	100.55
600.92,	473.25,	225.53
603.0,	472.01,	350.51
599.75,	599.49,	101.78
601.83,	598.25,	226.76
603.92,	597.0,	351.73
600.66,	724.48,	103.01
602.75,	723.24,	227.98
604.83,	721.99,	352.96
723.81,	473.6,	98.46
725.9,	472.36,	223.44
727.98,	471.12,	348.41
724.73,	598.59,	99.69
726.81,	597.35,	224.66
728.9,	596.11,	349.64
725.64,	723.58,	100.91
727.73,	722.34,	225.89
729.81,	721.1,	350.87
848.79,	472.71,	96.37
850.88,	471.47,	221.34
852.96,	470.22,	346.32
849.71,	597.7,	97.59
851.79,	596.46,	222.57
853.88,	595.21,	347.55
850.62,	722.69,	98.82
852.71,	721.45,	223.8
854.79,	720.21,	348.77
601.54,	474.58,	226.9
604.81,	471.25,	351.82
608.09,	467.92,	476.73
600.37,	599.53,	230.27
603.64,	596.2,	355.18
606.91,	592.87,	480.09
599.2,	724.48,	233.63
602.47,	721.15,	358.54
605.74,	717.82,	483.46
726.5,	475.84,	223.67
729.77,	472.51,	348.58
733.04,	469.18,	473.49
725.32,	600.79,	227.03
728.59,	597.46,	351.94
731.86,	594.13,	476.85
724.15,	725.74,	230.39
727.42,	722.41,	355.3
730.69,	719.08,	480.22
851.45,	477.1,	220.43
854.72,	473.77,	345.34
857.99,	470.44,	470.25
850.27,	602.05,	223.79
853.54,	598.72,	348.7
856.82,	595.39,	473.62
849.1,	727.0,	227.15
852.37,	723.67,	352.06
855.64,	720.34,	476.98
600.22,	473.46,	349.52
602.87,	474.41,	474.49
605.51,	475.35,	599.46
602.05,	598.45,	348.54
604.69,	599.39,	473.51
607.34,	600.33,	598.48
603.87,	723.43,	347.56
606.52,	724.37,	472.53
609.16,	725.32,	597.5
725.18,	471.62,	346.89
727.83,	472.56,	471.86
730.47,	473.51,	596.83
727.0,	596.6,	345.91
729.65,	597.55,	470.88
732.3,	598.49,	595.85
728.83,	721.58,	344.93
731.47,	722.53,	469.9
734.12,	723.47,	594.86
850.14,	469.77,	344.26
852.78,	470.72,	469.23
855.43,	471.66,	594.2
851.96,	594.76,	343.28
854.61,	595.7,	468.25
857.25,	596.65,	593.22
853.79,	719.74,	342.3
856.43,	720.68,	467.26
859.08,	721.63,	592.23
599.63,	475.28,	473.6
602.16,	476.09,	598.57
604.7,	476.89,	723.54
596.76,	600.24,	472.85
599.29,	601.05,	597.83
601.83,	601.86,	722.8
593.89,	725.21,	472.11
596.42,	726.01,	597.08
598.96,	726.82,	722.05
724.57,	478.13,	471.05
727.1,	478.94,	596.02
729.64,	479.75,	720.99
721.7,	603.1,	470.3
724.23,	603.9,	595.27
726.77,	604.71,	720.24
718.83,	728.06,	469.55
721.36,	728.87,	594.52
723.9,	729.67,	719.5
849.51,	480.99,	468.49
852.05,	481.79,	593.46
854.58,	482.6,	718.43
846.64,	605.95,	467.74
849.18,	606.76,	592.72
851.71,	607.56,	717.69
843.77,	730.92,	467.0
846.3,	731.72,	591.97
848.84,	732.53,	716.94
598.7,	474.03,	600.6
598.63,	471.31,	725.57
598.56,	468.59,	850.54
601.26,	598.97,	603.32
601.19,	596.25,	728.29
601.12,	593.53,	853.26
603.82,	723.92,	606.04
603.75,	721.2,	731.01
603.68,	718.47,	855.98
723.67,	471.47,	600.61
723.61,	468.75,	725.58
723.54,	466.03,	850.55
726.23,	596.42,	603.33
726.16,	593.69,	728.3
726.1,	590.97,	853.27
728.79,	721.36,	606.06
728.72,	718.64,	731.03
728.65,	715.92,	856.0
848.65,	468.91,	600.62
848.58,	466.19,	725.59
848.51,	463.47,	850.56
851.21,	593.86,	603.35
851.14,	591.14,	728.32
851.07,	588.41,	853.29
853.76,	718.8,	606.07
853.7,	716.08,	731.04
853.63,	713.36,	856.01
600.3,	599.64,	100.86
596.55,	597.32,	225.78
592.8,	595.0,	350.7
601.79,	724.61,	103.23
598.04,	722.29,	228.15
594.3,	719.97,	353.07
603.29,	849.58,	105.6
599.54,	847.26,	230.52
595.79,	844.94,	355.44
725.23,	598.08,	104.58
721.48,	595.76,	229.5
717.74,	593.43,	354.42
726.73,	723.05,	106.95
722.98,	720.73,	231.87
719.23,	718.4,	356.79
728.22,	848.02,	109.32
724.47,	845.69,	234.24
720.73,	843.37,	359.16
850.17,	596.51,	108.3
846.42,	594.19,	233.22
842.67,	591.87,	358.14
851.66,	721.48,	110.67
847.91,	719.16,	235.59
844.17,	716.84,	360.51
853.16,	846.45,	113.04
849.41,	844.13,	237.96
845.66,	841.81,	362.88
598.23,	601.28,	223.93
596.88,	598.39,	348.89
595.53,	595.51,	473.85
598.07,	726.24,	226.81
596.72,	723.36,	351.77
595.38,	720.48,	476.73
597.92,	851.21,	229.69
596.57,	848.33,	354.65
595.22,	845.45,	479.61
723.22,	601.4,	225.28
721.87,	598.52,	350.24
720.52,	595.64,	475.2
723.06,	726.37,	228.16
721.72,	723.49,	353.12
720.37,	720.6,	478.08
722.91,	851.34,	231.04
721.56,	848.45,	356.0
720.21,	845.57,	480.96
848.21,	601.53,	226.63
846.87,	598.64,	351.59
845.52,	595.76,	476.55
848.06,	726.49,	229.51
846.71,	723.61,	354.47
845.36,	720.73,	479.43
847.9,	851.46,	232.4
846.55,	848.58,	357.36
845.2,	845.7,	482.31
601.89,	598.46,	350.87
599.09,	599.95,	475.83
596.3,	601.44,	600.79
600.88,	723.45,	349.36
598.08,	724.94,	474.32
595.29,	726.43,	599.28
599.87,	848.44,	347.84
597.08,	849.93,	472.8
594.28,	851.41,	597.76
726.85,	599.51,	353.65
724.06,	601.0,	478.61
721.26,	602.48,	603.57
725.84,	724.49,	352.14
723.05,	725.98,	477.1
720.25,	727.47,	602.06
724.84,	849.48,	350.63
722.04,	850.97,	475.59
719.24,	852.46,	600.55
851.82,	600.55,	356.43
849.02,	602.04,	481.39
846.23,	603.53,	606.35
850.81,	725.54,	354.92
848.01,	727.02,	479.88
845.22,	728.51,	604.84
849.8,	850.52,	353.41
847.0,	852.01,	478.37
844.21,	853.5,	603.33
600.23,	598.11,	473.07
597.96,	599.44,	598.04
595.69,	600.78,	723.01
602.62,	723.08,	471.77
600.35,	724.41,	596.75
598.08,	725.75,	721.72
605.01,	848.05,	470.48
602.74,	849.38,	595.45
600.47,	850.72,	720.43
725.19,	595.74,	475.36
722.92,	597.08,	600.33
720.65,	598.41,	725.3
727.58,	720.71,	474.07
725.31,	722.05,	599.04
723.04,	723.38,	724.01
729.96,	845.68,	472.77
727.7,	847.02,	597.75
725.43,	848.35,	722.72
850.14,	593.38,	477.65
847.88,	594.71,	602.62
845.61,	596.05,	727.6
852.53,	718.35,	476.36
850.26,	719.68,	601.33
848.0,	721.02,	726.3
854.92,	843.32,	475.07
852.65,	844.65,	600.04
850.38,	845.99,	725.01
601.94,	599.34,	599.54
600.15,	602.33,	724.5
598.35,	605.32,	849.45
599.78,	724.29,	596.52
597.99,	727.28,	721.47
596.2,	730.27,	846.43
597.63,	849.23,	593.5
595.83,	852.22,	718.45
594.04,	855.21,	843.4
726.91,	601.54,	601.29
725.12,	604.53,	726.24
723.32,	607.52,	851.19
724.75,	726.49,	598.26
722.96,	729.48,	723.22
721.17,	732.47,	848.17
722.6,	851.43,	595.24
720.8,	854.42,	720.19
719.01,	857.41,	845.14
851.88,	603.74,	603.03
850.09,	606.73,	727.98
848.29,	609.72,	852.93
849.72,	728.69,	600.01
847.93,	731.68,	724.96
846.13,	734.67,	849.91
847.56,	853.63,	596.98
845.77,	856.62,	721.94
843.98,	859.61,	846.89
